2N,N-M,N+M,2M
4,2,2,0
6,3,3,0
8,3,5,2
10,3,7,4
12,5,7,2
14,3,11,8
16,5,11,6
18,7,11,4
20,7,13,6
22,5,17,12
24,11,13,2
26,7,19,12
28,11,17,6
30,13,17,4
32,13,19,6
34,11,23,12
36,17,19,2
38,7,31,24
40,17,23,6
42,19,23,4
44,13,31,18
46,17,29,12
48,19,29,10
50,19,31,12
52,23,29,6
54,23,31,8
56,19,37,18
58,17,41,24
60,29,31,2
62,19,43,24
64,23,41,18
66,29,37,8
68,31,37,6
70,29,41,12
72,31,41,10
74,31,43,12
76,29,47,18
78,37,41,4
80,37,43,6
82,29,53,24
84,41,43,2
86,19,67,48
88,41,47,6
90,43,47,4
92,31,61,30
94,41,53,12
96,43,53,10
98,37,61,24
100,47,53,6
102,43,59,16
104,43,61,18
106,47,59,12
108,47,61,14
110,43,67,24
112,53,59,6
114,53,61,8
116,43,73,30
118,47,71,24
120,59,61,2
122,43,79,36
124,53,71,18
126,59,67,8
128,61,67,6
130,59,71,12
132,61,71,10
134,61,73,12
136,53,83,30
138,67,71,4
140,67,73,6
142,59,83,24
144,71,73,2
146,67,79,12
148,59,89,30
150,71,79,8
152,73,79,6
154,71,83,12
156,73,83,10
158,61,97,36
160,71,89,18
162,79,83,4
164,67,97,30
166,59,107,48
168,79,89,10
170,73,97,24
172,83,89,6
174,73,101,28
176,79,97,18
178,71,107,36
180,83,97,14
182,79,103,24
184,83,101,18
186,89,97,8
188,79,109,30
190,89,101,12
192,89,103,14
194,67,127,60
196,89,107,18
198,97,101,4
200,97,103,6
202,89,113,24
204,101,103,2
206,97,109,12
208,101,107,6
210,103,107,4
212,103,109,6
214,101,113,12
216,107,109,2
218,79,139,60
220,107,113,6
222,109,113,4
224,97,127,30
226,89,137,48
228,101,127,26
230,103,127,24
232,101,131,30
234,107,127,20
236,109,127,18
238,107,131,24
240,113,127,14
242,103,139,36
244,113,131,18
246,109,137,28
248,109,139,30
250,113,137,24
252,113,139,26
254,103,151,48
256,107,149,42
258,127,131,4
260,109,151,42
262,113,149,36
264,127,137,10
266,127,139,12
268,131,137,6
270,131,139,8
272,109,163,54
274,107,167,60
276,137,139,2
278,127,151,24
280,131,149,18
282,131,151,20
284,127,157,30
286,137,149,12
288,139,149,10
290,139,151,12
292,113,179,66
294,137,157,20
296,139,157,18
298,131,167,36
300,149,151,2
302,139,163,24
304,137,167,30
306,149,157,8
308,151,157,6
310,137,173,36
312,149,163,14
314,151,163,12
316,149,167,18
318,151,167,16
320,157,163,6
322,149,173,24
324,157,167,10
326,127,199,72
328,149,179,30
330,163,167,4
332,151,181,30
334,137,197,60
336,163,173,10
338,157,181,24
340,167,173,6
342,163,179,16
344,163,181,18
346,167,179,12
348,167,181,14
350,157,193,36
352,173,179,6
354,173,181,8
356,163,193,30
358,167,191,24
360,179,181,2
362,163,199,36
364,173,191,18
366,173,193,20
368,157,211,54
370,179,191,12
372,181,191,10
374,181,193,12
376,179,197,18
378,181,197,16
380,181,199,18
382,149,233,84
384,191,193,2
386,163,223,60
388,191,197,6
390,193,197,4
392,193,199,6
394,167,227,60
396,197,199,2
398,157,241,84
400,173,227,54
402,191,211,20
404,193,211,18
406,179,227,48
408,197,211,14
410,199,211,12
412,179,233,54
414,191,223,32
416,193,223,30
418,191,227,36
420,197,223,26
422,199,223,24
424,197,227,30
426,199,227,28
428,199,229,30
430,197,233,36
432,199,233,34
434,211,223,12
436,197,239,42
438,211,227,16
440,211,229,18
442,191,251,60
444,211,233,22
446,163,283,120
448,197,251,54
450,223,227,4
452,223,229,6
454,197,257,60
456,227,229,2
458,181,277,96
460,227,233,6
462,229,233,4
464,223,241,18
466,227,239,12
468,229,239,10
470,229,241,12
472,233,239,6
474,233,241,8
476,199,277,78
478,227,251,24
480,239,241,2
482,211,271,60
484,233,251,18
486,229,257,28
488,211,277,66
490,239,251,12
492,241,251,10
494,223,271,48
496,239,257,18
498,241,257,16
500,229,271,42
502,239,263,24
504,241,263,22
506,229,277,48
508,251,257,6
510,241,269,28
512,241,271,30
514,251,263,12
516,239,277,38
518,241,277,36
520,257,263,6
522,251,271,20
524,241,283,42
526,257,269,12
528,257,271,14
530,223,307,84
532,263,269,6
534,263,271,8
536,229,307,78
538,257,281,24
540,269,271,2
542,229,313,84
544,263,281,18
546,269,277,8
548,271,277,6
550,269,281,12
552,271,281,10
554,271,283,12
556,263,293,30
558,277,281,4
560,277,283,6
562,269,293,24
564,281,283,2
566,229,337,108
568,257,311,54
570,277,293,16
572,241,331,90
574,281,293,12
576,283,293,10
578,271,307,36
580,269,311,42
582,271,311,40
584,277,307,30
586,269,317,48
588,281,307,26
590,283,307,24
592,281,311,30
594,283,311,28
596,283,313,30
598,281,317,36
600,293,307,14
602,271,331,60
604,293,311,18
606,293,313,20
608,277,331,54
610,293,317,24
612,281,331,50
614,283,331,48
616,269,347,78
618,307,311,4
620,307,313,6
622,269,353,84
624,311,313,2
626,277,349,72
628,311,317,6
630,313,317,4
632,283,349,66
634,281,353,72
636,283,353,70
638,307,331,24
640,293,347,54
642,311,331,20
644,313,331,18
646,293,353,60
648,317,331,14
650,313,337,24
652,293,359,66
654,317,337,20
656,307,349,42
658,311,347,36
660,313,347,34
662,313,349,36
664,317,347,30
666,317,349,32
668,331,337,6
670,317,353,36
672,313,359,46
674,307,367,60
676,317,359,42
678,331,347,16
680,331,349,18
682,293,389,96
684,337,347,10
686,337,349,12
688,269,419,150
690,337,353,16
692,313,379,66
694,311,383,72
696,347,349,2
698,331,367,36
700,347,353,6
702,349,353,4
704,337,367,30
706,347,359,12
708,349,359,10
710,337,373,36
712,353,359,6
714,347,367,20
716,349,367,18
718,317,401,84
720,353,367,14
722,349,373,24
724,293,431,138
726,359,367,8
728,349,379,30
730,347,383,36
732,359,373,14
734,337,397,60
736,353,383,30
738,359,379,20
740,367,373,6
742,359,383,24
744,347,397,50
746,367,379,12
748,359,389,30
750,367,383,16
752,373,379,6
754,353,401,48
756,373,383,10
758,349,409,60
760,359,401,42
762,379,383,4
764,367,397,30
766,347,419,72
768,379,389,10
770,373,397,24
772,383,389,6
774,373,401,28
776,379,397,18
778,359,419,60
780,383,397,14
782,373,409,36
784,383,401,18
786,389,397,8
788,379,409,30
790,389,401,12
792,383,409,26
794,373,421,48
796,353,443,90
798,397,401,4
800,379,421,42
802,383,419,36
804,383,421,38
806,397,409,12
808,389,419,30
810,401,409,8
812,379,433,54
814,383,431,48
816,397,419,22
818,397,421,24
820,401,419,18
822,401,421,20
824,367,457,90
826,383,443,60
828,409,419,10
830,409,421,12
832,401,431,30
834,401,433,32
836,397,439,42
838,389,449,60
840,419,421,2
842,409,433,24
844,401,443,42
846,397,449,52
848,409,439,30
850,419,431,12
852,421,431,10
854,421,433,12
856,389,467,78
858,419,439,20
860,421,439,18
862,419,443,24
864,431,433,2
866,409,457,48
868,419,449,30
870,431,439,8
872,433,439,6
874,431,443,12
876,433,443,10
878,421,457,36
880,431,449,18
882,439,443,4
884,421,463,42
886,419,467,48
888,439,449,10
890,433,457,24
892,443,449,6
894,433,461,28
896,439,457,18
898,431,467,36
900,443,457,14
902,439,463,24
904,443,461,18
906,449,457,8
908,421,487,66
910,449,461,12
912,449,463,14
914,373,541,168
916,449,467,18
918,457,461,4
920,457,463,6
922,443,479,36
924,461,463,2
926,439,487,48
928,461,467,6
930,463,467,4
932,433,499,66
934,443,491,48
936,457,479,22
938,439,499,60
940,461,479,18
942,463,479,16
944,457,487,30
946,467,479,12
948,461,487,26
950,463,487,24
952,461,491,30
954,467,487,20
956,457,499,42
958,467,491,24
960,461,499,38
962,463,499,36
964,461,503,42
966,479,487,8
968,421,547,126
970,479,491,12
972,463,509,46
974,433,541,108
976,467,509,42
978,487,491,4
980,457,523,66
982,479,503,24
984,463,521,58
986,487,499,12
988,479,509,30
990,491,499,8
992,421,571,150
994,491,503,12
996,487,509,22
998,457,541,84
1000,491,509,18
1002,499,503,4
1004,463,541,78
1006,449,557,108
1008,499,509,10
1010,487,523,36
1012,503,509,6
1014,491,523,32
1016,439,577,138
1018,461,557,96
1020,499,521,22
1022,499,523,24
1024,503,521,18
1026,503,523,20
1028,487,541,54
1030,509,521,12
1032,509,523,14
1034,487,547,60
1036,479,557,78
1038,491,547,56
1040,499,541,42
1042,479,563,84
1044,521,523,2
1046,499,547,48
1048,491,557,66
1050,509,541,32
1052,439,613,174
1054,491,563,72
1056,509,547,38
1058,487,571,84
1060,503,557,54
1062,521,541,20
1064,523,541,18
1066,509,557,48
1068,521,547,26
1070,523,547,24
1072,509,563,54
1074,503,571,68
1076,499,577,78
1078,521,557,36
1080,523,557,34
1082,463,619,156
1084,521,563,42
1086,523,563,40
1088,541,547,6
1090,521,569,48
1092,523,569,46
1094,523,571,48
1096,509,587,78
1098,541,557,16
1100,523,577,54
1102,509,593,84
1104,547,557,10
1106,499,607,108
1108,521,587,66
1110,547,563,16
1112,541,571,30
1114,521,593,72
1116,547,569,22
1118,547,571,24
1120,557,563,6
1122,523,599,76
1124,547,577,30
1126,557,569,12
1128,557,571,14
1130,523,607,84
1132,563,569,6
1134,563,571,8
1136,523,613,90
1138,521,617,96
1140,569,571,2
1142,541,601,60
1144,557,587,30
1146,569,577,8
1148,571,577,6
1150,563,587,24
1152,521,631,110
1154,547,607,60
1156,569,587,18
1158,571,587,16
1160,547,613,66
1162,569,593,24
1164,577,587,10
1166,547,619,72
1168,569,599,30
1170,577,593,16
1172,571,601,30
1174,557,617,60
1176,577,599,22
1178,577,601,24
1180,587,593,6
1182,569,613,44
1184,577,607,30
1186,587,599,12
1188,587,601,14
1190,577,613,36
1192,593,599,6
1194,593,601,8
1196,577,619,42
1198,557,641,84
1200,599,601,2
1202,571,631,60
1204,587,617,30
1206,599,607,8
1208,601,607,6
1210,593,617,24
1212,599,613,14
1214,601,613,12
1216,599,617,18
1218,601,617,16
1220,607,613,6
1222,569,653,84
1224,607,617,10
1226,607,619,12
1228,587,641,54
1230,613,617,4
1232,613,619,6
1234,593,641,48
1236,617,619,2
1238,607,631,24
1240,599,641,42
1242,601,641,40
1244,613,631,18
1246,599,647,48
1248,617,631,14
1250,619,631,12
1252,599,653,54
1254,613,641,28
1256,613,643,30
1258,617,641,24
1260,619,641,22
1262,619,643,24
1264,617,647,30
1266,619,647,28
1268,607,661,54
1270,617,653,36
1272,631,641,10
1274,631,643,12
1276,617,659,42
1278,631,647,16
1280,619,661,42
1282,599,683,84
1284,641,643,2
1286,613,673,60
1288,641,647,6
1290,643,647,4
1292,631,661,30
1294,641,653,12
1296,643,653,10
1298,607,691,84
1300,647,653,6
1302,643,659,16
1304,643,661,18
1306,647,659,12
1308,647,661,14
1310,619,691,72
1312,653,659,6
1314,653,661,8
1316,643,673,30
1318,641,677,36
1320,659,661,2
1322,631,691,60
1324,647,677,30
1326,653,673,20
1328,619,709,90
1330,653,677,24
1332,659,673,14
1334,661,673,12
1336,659,677,18
1338,661,677,16
1340,631,709,78
1342,659,683,24
1344,661,683,22
1346,619,727,108
1348,647,701,54
1350,673,677,4
1352,661,691,30
1354,653,701,48
1356,673,683,10
1358,631,727,96
1360,677,683,6
1362,661,701,40
1364,673,691,18
1366,647,719,72
1368,677,691,14
1370,661,709,48
1372,653,719,66
1374,683,691,8
1376,643,733,90
1378,677,701,24
1380,661,719,58
1382,673,709,36
1384,683,701,18
1386,677,709,32
1388,661,727,66
1390,647,743,96
1392,691,701,10
1394,661,733,72
1396,677,719,42
1398,659,739,80
1400,691,709,18
1402,683,719,36
1404,677,727,50
1406,673,733,60
1408,647,761,114
1410,701,709,8
1412,673,739,66
1414,653,761,108
1416,683,733,50
1418,691,727,36
1420,701,719,18
1422,683,739,56
1424,691,733,42
1426,683,743,60
1428,709,719,10
1430,691,739,48
1432,659,773,114
1434,701,733,32
1436,709,727,18
1438,677,761,84
1440,701,739,38
1442,709,733,24
1444,701,743,42
1446,719,727,8
1448,709,739,30
1450,677,773,96
1452,719,733,14
1454,643,811,168
1456,683,773,90
1458,719,739,20
1460,727,733,6
1462,719,743,24
1464,691,773,82
1466,727,739,12
1468,659,809,150
1470,727,743,16
1472,733,739,6
1474,701,773,72
1476,733,743,10
1478,727,751,24
1480,719,761,42
1482,739,743,4
1484,733,751,18
1486,677,809,132
1488,727,761,34
1490,739,751,12
1492,719,773,54
1494,743,751,8
1496,739,757,18
1498,701,797,96
1500,743,757,14
1502,733,769,36
1504,743,761,18
1506,733,773,40
1508,751,757,6
1510,701,809,108
1512,751,761,10
1514,727,787,60
1516,743,773,30
1518,757,761,4
1520,751,769,18
1522,701,821,120
1524,751,773,22
1526,757,769,12
1528,719,809,90
1530,761,769,8
1532,709,823,114
1534,761,773,12
1536,739,797,58
1538,751,787,36
1540,743,797,54
1542,769,773,4
1544,757,787,30
1546,719,827,108
1548,761,787,26
1550,739,811,72
1552,743,809,66
1554,757,797,40
1556,769,787,18
1558,761,797,36
1560,773,787,14
1562,751,811,60
1564,743,821,78
1566,769,797,28
1568,757,811,54
1570,773,797,24
1572,761,811,50
1574,751,823,72
1576,719,857,138
1578,769,809,40
1580,769,811,42
1582,773,809,36
1584,787,797,10
1586,757,829,72
1588,761,827,66
1590,769,821,52
1592,769,823,54
1594,773,821,48
1596,787,809,22
1598,787,811,24
1600,773,827,54
1602,773,829,56
1604,751,853,102
1606,797,809,12
1608,797,811,14
1610,787,823,36
1612,773,839,66
1614,787,827,40
1616,787,829,42
1618,797,821,24
1620,809,811,2
1622,769,853,84
1624,797,827,30
1626,797,829,32
1628,769,859,90
1630,809,821,12
1632,811,821,10
1634,811,823,12
1636,809,827,18
1638,811,827,16
1640,811,829,18
1642,761,881,120
1644,821,823,2
1646,787,859,72
1648,821,827,6
1650,823,827,4
1652,823,829,6
1654,797,857,60
1656,827,829,2
1658,751,907,156
1660,821,839,18
1662,823,839,16
1664,811,853,42
1666,827,839,12
1668,829,839,10
1670,811,859,48
1672,809,863,54
1674,821,853,32
1676,823,853,30
1678,821,857,36
1680,827,853,26
1682,829,853,24
1684,827,857,30
1686,829,857,28
1688,829,859,30
1690,827,863,36
1692,839,853,14
1694,811,883,72
1696,839,857,18
1698,839,859,20
1700,823,877,54
1702,839,863,24
1704,827,877,50
1706,829,877,48
1708,827,881,54
1710,853,857,4
1712,853,859,6
1714,827,887,60
1716,857,859,2
1718,811,907,96
1720,857,863,6
1722,859,863,4
1724,787,937,150
1726,839,887,48
1728,821,907,86
1730,853,877,24
1732,821,911,90
1734,857,877,20
1736,859,877,18
1738,857,881,24
1740,863,877,14
1742,859,883,24
1744,863,881,18
1746,863,883,20
1748,829,919,90
1750,863,887,24
1752,823,929,106
1754,787,967,180
1756,827,929,102
1758,877,881,4
1760,877,883,6
1762,821,941,120
1764,881,883,2
1766,859,907,48
1768,881,887,6
1770,883,887,4
1772,853,919,66
1774,863,911,48
1776,857,919,62
1778,859,919,60
1780,839,941,102
1782,863,919,56
1784,877,907,30
1786,857,929,72
1788,881,907,26
1790,883,907,24
1792,881,911,30
1794,887,907,20
1796,877,919,42
1798,887,911,24
1800,881,919,38
1802,883,919,36
1804,863,941,78
1806,887,919,32
1808,811,997,186
1810,881,929,48
1812,883,929,46
1814,877,937,60
1816,887,929,42
1818,907,911,4
1820,883,937,54
1822,881,941,60
1824,887,937,50
1826,907,919,12
1828,887,941,54
1830,911,919,8
1832,823,1009,186
1834,887,947,60
1836,907,929,22
1838,829,1009,180
1840,911,929,18
1842,859,983,124
1844,907,937,30
1846,863,983,120
1848,919,929,10
1850,883,967,84
1852,911,941,30
1854,907,947,40
1856,919,937,18
1858,911,947,36
1860,919,941,22
1862,853,1009,156
1864,911,953,42
1866,929,937,8
1868,877,991,114
1870,929,941,12
1872,919,953,34
1874,907,967,60
1876,929,947,18
1878,937,941,4
1880,883,997,114
1882,929,953,24
1884,937,947,10
1886,919,967,48
1888,941,947,6
1890,937,953,16
1892,883,1009,126
1894,941,953,12
1896,929,967,38
1898,907,991,84
1900,947,953,6
1902,919,983,64
1904,937,967,30
1906,929,977,48
1908,941,967,26
1910,919,991,72
1912,941,971,30
1914,947,967,20
1916,919,997,78
1918,947,971,24
1920,953,967,14
1922,883,1039,156
1924,953,971,18
1926,929,997,68
1928,937,991,54
1930,953,977,24
1932,941,991,50
1934,937,997,60
1936,953,983,30
1938,967,971,4
1940,919,1021,102
1942,929,1013,84
1944,967,977,10
1946,937,1009,72
1948,971,977,6
1950,967,983,16
1952,919,1033,114
1954,971,983,12
1956,947,1009,62
1958,967,991,24
1960,977,983,6
1962,971,991,20
1964,967,997,30
1966,953,1013,60
1968,977,991,14
1970,937,1033,96
1972,953,1019,66
1974,983,991,8
1976,967,1009,42
1978,947,1031,84
1980,983,997,14
1982,919,1063,144
1984,971,1013,42
1986,977,1009,32
1988,991,997,6
1990,977,1013,36
1992,983,1009,26
1994,907,1087,180
1996,983,1013,30
1998,977,1021,44
2000,991,1009,18
2002,983,1019,36
2004,991,1013,22
2006,997,1009,12
2008,977,1031,54
2010,997,1013,16
2012,991,1021,30
2014,983,1031,48
2016,997,1019,22
2018,997,1021,24
2020,971,1049,78
2022,1009,1013,4
2024,991,1033,42
2026,977,1049,72
2028,1009,1019,10
2030,1009,1021,12
2032,1013,1019,6
2034,1013,1021,8
2036,997,1039,42
2038,977,1061,84
2040,1019,1021,2
2042,1009,1033,24
2044,1013,1031,18
2046,1013,1033,20
2048,1009,1039,30
2050,1019,1031,12
2052,1021,1031,10
2054,1021,1033,12
2056,953,1103,150
2058,1019,1039,20
2060,1021,1039,18
2062,1013,1049,36
2064,1031,1033,2
2066,997,1069,72
2068,1019,1049,30
2070,1031,1039,8
2072,1033,1039,6
2074,1013,1061,48
2076,1013,1063,50
2078,1009,1069,60
2080,1031,1049,18
2082,1033,1049,16
2084,1033,1051,18
2086,983,1103,120
2088,1039,1049,10
2090,1039,1051,12
2092,1031,1061,30
2094,1033,1061,28
2096,1033,1063,30
2098,947,1151,204
2100,1049,1051,2
2102,1039,1063,24
2104,1013,1091,78
2106,1019,1087,68
2108,1039,1069,30
2110,1049,1061,12
2112,1051,1061,10
2114,1051,1063,12
2116,1019,1097,78
2118,1049,1069,20
2120,1051,1069,18
2122,1031,1091,60
2124,1061,1063,2
2126,1039,1087,48
2128,1031,1097,66
2130,1061,1069,8
2132,1063,1069,6
2134,1031,1103,72
2136,1049,1087,38
2138,1051,1087,36
2140,1049,1091,42
2142,1051,1091,40
2144,1051,1093,42
2146,1049,1097,48
2148,1061,1087,26
2150,1063,1087,24
2152,1061,1091,30
2154,1063,1091,28
2156,1069,1087,18
2158,1061,1097,36
2160,1069,1091,22
2162,1069,1093,24
2164,1061,1103,42
2166,1069,1097,28
2168,1051,1117,66
2170,1061,1109,48
2172,1069,1103,34
2174,1051,1123,72
2176,1013,1163,150
2178,1087,1091,4
2180,1087,1093,6
2182,1031,1151,120
2184,1091,1093,2
2186,1069,1117,48
2188,1091,1097,6
2190,1093,1097,4
2192,1069,1123,54
2194,1091,1103,12
2196,1093,1103,10
2198,1069,1129,60
2200,1097,1103,6
2202,1093,1109,16
2204,1087,1117,30
2206,1097,1109,12
2208,1091,1117,26
2210,1093,1117,24
2212,1103,1109,6
2214,1097,1117,20
2216,1093,1123,30
2218,1031,1187,156
2220,1103,1117,14
2222,1093,1129,36
2224,1061,1163,102
2226,1109,1117,8
2228,997,1231,234
2230,1049,1181,132
2232,1109,1123,14
2234,1063,1171,108
2236,1049,1187,138
2238,1109,1129,20
2240,1117,1123,6
2242,1091,1151,60
2244,1093,1151,58
2246,1117,1129,12
2248,1097,1151,54
2250,1097,1153,56
2252,1123,1129,6
2254,1103,1151,48
2256,1103,1153,50
2258,1087,1171,84
2260,1109,1151,42
2262,1109,1153,44
2264,1093,1171,78
2266,1103,1163,60
2268,1117,1151,34
2270,1117,1153,36
2272,1109,1163,54
2274,1123,1151,28
2276,1123,1153,30
2278,1097,1181,84
2280,1129,1151,22
2282,1129,1153,24
2284,1103,1181,78
2286,1123,1163,40
2288,1117,1171,54
2290,1109,1181,72
2292,1129,1163,34
2294,1123,1171,48
2296,1109,1187,78
2298,1117,1181,64
2300,1129,1171,42
2302,1109,1193,84
2304,1151,1153,2
2306,1093,1213,120
2308,1091,1217,126
2310,1129,1181,52
2312,1063,1249,186
2314,1151,1163,12
2316,1153,1163,10
2318,1117,1201,84
2320,1103,1217,114
2322,1151,1171,20
2324,1153,1171,18
2326,1109,1217,108
2328,1097,1231,134
2330,1129,1201,72
2332,1151,1181,30
2334,1163,1171,8
2336,1123,1213,90
2338,1151,1187,36
2340,1153,1187,34
2342,1129,1213,84
2344,1163,1181,18
2346,1153,1193,40
2348,1117,1231,114
2350,1163,1187,24
2352,1171,1181,10
2354,1153,1201,48
2356,1163,1193,30
2358,1171,1187,16
2360,1129,1231,102
2362,1103,1259,156
2364,1171,1193,22
2366,1153,1213,60
2368,1181,1187,6
2370,1153,1217,64
2372,1171,1201,30
2374,1181,1193,12
2376,1163,1213,50
2378,1129,1249,120
2380,1187,1193,6
2382,1181,1201,20
2384,1171,1213,42
2386,1163,1223,60
2388,1187,1201,14
2390,1153,1237,84
2392,1163,1229,66
2394,1193,1201,8
2396,1117,1279,162
2398,1181,1217,36
2400,1187,1213,26
2402,1171,1231,60
2404,1187,1217,30
2406,1193,1213,20
2408,1171,1237,66
2410,1193,1217,24
2412,1181,1231,50
2414,1201,1213,12
2416,1193,1223,30
2418,1201,1217,16
2420,1171,1249,78
2422,1193,1229,36
2424,1201,1223,22
2426,1129,1297,168
2428,1151,1277,126
2430,1213,1217,4
2432,1201,1231,30
2434,1151,1283,132
2436,1213,1223,10
2438,1201,1237,36
2440,1217,1223,6
2442,1213,1229,16
2444,1213,1231,18
2446,1217,1229,12
2448,1217,1231,14
2450,1213,1237,24
2452,1223,1229,6
2454,1223,1231,8
2456,1153,1303,150
2458,1181,1277,96
2460,1229,1231,2
2462,1213,1249,36
2464,1187,1277,90
2466,1229,1237,8
2468,1231,1237,6
2470,1193,1277,84
2472,1223,1249,26
2474,1171,1303,132
2476,1217,1259,42
2478,1229,1249,20
2480,1231,1249,18
2482,1223,1259,36
2484,1201,1283,82
2486,1237,1249,12
2488,1229,1259,30
2490,1231,1259,28
2492,1213,1279,66
2494,1217,1277,60
2496,1237,1259,22
2498,1201,1297,96
2500,1223,1277,54
2502,1223,1279,56
2504,1213,1291,78
2506,1229,1277,48
2508,1249,1259,10
2510,1231,1279,48
2512,1229,1283,54
2514,1237,1277,40
2516,1237,1279,42
2518,1229,1289,60
2520,1237,1283,46
2522,1231,1291,60
2524,1223,1301,78
2526,1249,1277,28
2528,1249,1279,30
2530,1229,1301,72
2532,1249,1283,34
2534,1237,1297,60
2536,1259,1277,18
2538,1259,1279,20
2540,1249,1291,42
2542,1259,1283,24
2544,1237,1307,70
2546,1249,1297,48
2548,1259,1289,30
2550,1259,1291,32
2552,1249,1303,54
2554,1193,1361,168
2556,1277,1279,2
2558,1237,1321,84
2560,1277,1283,6
2562,1279,1283,4
2564,1237,1327,90
2566,1277,1289,12
2568,1279,1289,10
2570,1279,1291,12
2572,1283,1289,6
2574,1283,1291,8
2576,1279,1297,18
2578,1277,1301,24
2580,1289,1291,2
2582,1279,1303,24
2584,1283,1301,18
2586,1289,1297,8
2588,1291,1297,6
2590,1289,1301,12
2592,1291,1301,10
2594,1291,1303,12
2596,1289,1307,18
2598,1297,1301,4
2600,1297,1303,6
2602,1283,1319,36
2604,1301,1303,2
2606,1279,1327,48
2608,1301,1307,6
2610,1303,1307,4
2612,1291,1321,30
2614,1187,1427,240
2616,1297,1319,22
2618,1297,1321,24
2620,1301,1319,18
2622,1303,1319,16
2624,1303,1321,18
2626,1307,1319,12
2628,1307,1321,14
2630,1303,1327,24
2632,1259,1373,114
2634,1307,1327,20
2636,1237,1399,162
2638,1277,1361,84
2640,1319,1321,2
2642,1213,1429,216
2644,1283,1361,78
2646,1319,1327,8
2648,1321,1327,6
2650,1289,1361,72
2652,1291,1361,70
2654,1231,1423,192
2656,1289,1367,78
2658,1297,1361,64
2660,1279,1381,102
2662,1301,1361,60
2664,1303,1361,58
2666,1237,1429,192
2668,1307,1361,54
2670,1303,1367,64
2672,1291,1381,90
2674,1307,1367,60
2676,1303,1373,70
2678,1297,1381,84
2680,1319,1361,42
2682,1321,1361,40
2684,1303,1381,78
2686,1319,1367,48
2688,1327,1361,34
2690,1291,1399,108
2692,1319,1373,54
2694,1327,1367,40
2696,1297,1399,102
2698,1289,1409,120
2700,1327,1373,46
2702,1321,1381,60
2704,1277,1427,150
2706,1307,1399,92
2708,1327,1381,54
2710,1301,1409,108
2712,1303,1409,106
2714,1291,1423,132
2716,1307,1409,102
2718,1319,1399,80
2720,1321,1399,78
2722,1289,1433,144
2724,1301,1423,122
2726,1327,1399,72
2728,1361,1367,6
2730,1321,1409,88
2732,1303,1429,126
2734,1361,1373,12
2736,1327,1409,82
2738,1291,1447,156
2740,1367,1373,6
2742,1361,1381,20
2744,1321,1423,102
2746,1319,1427,108
2748,1367,1381,14
2750,1327,1423,96
2752,1319,1433,114
2754,1373,1381,8
2756,1327,1429,102
2758,1319,1439,120
2760,1361,1399,38
2762,1303,1459,156
2764,1283,1481,198
2766,1367,1399,32
2768,1321,1447,126
2770,1361,1409,48
2772,1373,1399,26
2774,1327,1447,120
2776,1367,1409,42
2778,1327,1451,124
2780,1381,1399,18
2782,1373,1409,36
2784,1361,1423,62
2786,1327,1459,132
2788,1361,1427,66
2790,1381,1409,28
2792,1321,1471,150
2794,1367,1427,60
2796,1373,1423,50
2798,1327,1471,144
2800,1373,1427,54
2802,1373,1429,56
2804,1381,1423,42
2806,1373,1433,60
2808,1399,1409,10
2810,1381,1429,48
2812,1373,1439,66
2814,1381,1433,52
2816,1327,1489,162
2818,1367,1451,84
2820,1381,1439,58
2822,1399,1423,24
2824,1373,1451,78
2826,1399,1427,28
2828,1399,1429,30
2830,1319,1511,192
2832,1409,1423,14
2834,1381,1453,72
2836,1409,1427,18
2838,1409,1429,20
2840,1381,1459,78
2842,1409,1433,24
2844,1373,1471,98
2846,1399,1447,48
2848,1409,1439,30
2850,1423,1427,4
2852,1423,1429,6
2854,1373,1481,108
2856,1427,1429,2
2858,1399,1459,60
2860,1427,1433,6
2862,1429,1433,4
2864,1381,1483,102
2866,1427,1439,12
2868,1429,1439,10
2870,1423,1447,24
2872,1433,1439,6
2874,1427,1447,20
2876,1429,1447,18
2878,1427,1451,24
2880,1433,1447,14
2882,1429,1453,24
2884,1433,1451,18
2886,1439,1447,8
2888,1429,1459,30
2890,1439,1451,12
2892,1439,1453,14
2894,1423,1471,48
2896,1409,1487,78
2898,1447,1451,4
2900,1447,1453,6
2902,1409,1493,84
2904,1451,1453,2
2906,1447,1459,12
2908,1427,1481,54
2910,1451,1459,8
2912,1453,1459,6
2914,1433,1481,48
2916,1433,1483,50
2918,1447,1471,24
2920,1439,1481,42
2922,1451,1471,20
2924,1453,1471,18
2926,1439,1487,48
2928,1447,1481,34
2930,1459,1471,12
2932,1451,1481,30
2934,1453,1481,28
2936,1453,1483,30
2938,1451,1487,36
2940,1459,1481,22
2942,1459,1483,24
2944,1451,1493,42
2946,1459,1487,28
2948,1459,1489,30
2950,1451,1499,48
2952,1471,1481,10
2954,1471,1483,12
2956,1433,1523,90
2958,1471,1487,16
2960,1471,1489,18
2962,1451,1511,60
2964,1481,1483,2
2966,1423,1543,120
2968,1481,1487,6
2970,1483,1487,4
2972,1483,1489,6
2974,1481,1493,12
2976,1487,1489,2
2978,1447,1531,84
2980,1487,1493,6
2982,1489,1493,4
2984,1453,1531,78
2986,1487,1499,12
2988,1489,1499,10
2990,1459,1531,72
2992,1493,1499,6
2994,1483,1511,28
2996,1453,1543,90
2998,1487,1511,24
3000,1489,1511,22
3002,1471,1531,60
3004,1493,1511,18
3006,1483,1523,40
3008,1459,1549,90
3010,1499,1511,12
3012,1489,1523,34
3014,1483,1531,48
3016,1493,1523,30
3018,1487,1531,44
3020,1489,1531,42
3022,1499,1523,24
3024,1493,1531,38
3026,1483,1543,60
3028,1427,1601,174
3030,1499,1531,32
3032,1489,1543,54
3034,1511,1523,12
3036,1493,1543,50
3038,1489,1549,60
3040,1487,1553,66
3042,1511,1531,20
3044,1447,1597,150
3046,1493,1553,60
3048,1499,1549,50
3050,1483,1567,84
3052,1499,1553,54
3054,1523,1531,8
3056,1489,1567,78
3058,1499,1559,60
3060,1511,1549,38
3062,1483,1579,96
3064,1511,1553,42
3066,1523,1543,20
3068,1489,1579,90
3070,1511,1559,48
3072,1523,1549,26
3074,1531,1543,12
3076,1523,1553,30
3078,1511,1567,56
3080,1531,1549,18
3082,1523,1559,36
3084,1531,1553,22
3086,1489,1597,108
3088,1487,1601,114
3090,1531,1559,28
3092,1543,1549,6
3094,1523,1571,48
3096,1543,1553,10
3098,1531,1567,36
3100,1499,1601,102
3102,1549,1553,4
3104,1483,1621,138
3106,1523,1583,60
3108,1549,1559,10
3110,1543,1567,24
3112,1553,1559,6
3114,1543,1571,28
3116,1549,1567,18
3118,1511,1607,96
3120,1553,1567,14
3122,1543,1579,36
3124,1553,1571,18
3126,1559,1567,8
3128,1549,1579,30
3130,1559,1571,12
3132,1553,1579,26
3134,1471,1663,192
3136,1553,1583,30
3138,1567,1571,4
3140,1543,1597,54
3142,1559,1583,24
3144,1543,1601,58
3146,1567,1579,12
3148,1511,1637,126
3150,1571,1579,8
3152,1543,1609,66
3154,1571,1583,12
3156,1559,1597,38
3158,1549,1609,60
3160,1559,1601,42
3162,1579,1583,4
3164,1567,1597,30
3166,1559,1607,48
3168,1571,1597,26
3170,1549,1621,72
3172,1571,1601,30
3174,1567,1607,40
3176,1579,1597,18
3178,1571,1607,36
3180,1583,1597,14
3182,1489,1693,204
3184,1583,1601,18
3186,1579,1607,28
3188,1579,1609,30
3190,1583,1607,24
3192,1583,1609,26
3194,1567,1627,60
3196,1583,1613,30
3198,1597,1601,4
3200,1579,1621,42
3202,1583,1619,36
3204,1597,1607,10
3206,1597,1609,12
3208,1601,1607,6
3210,1601,1609,8
3212,1549,1663,114
3214,1601,1613,12
3216,1607,1609,2
3218,1597,1621,24
3220,1607,1613,6
3222,1609,1613,4
3224,1597,1627,30
3226,1607,1619,12
3228,1609,1619,10
3230,1609,1621,12
3232,1613,1619,6
3234,1613,1621,8
3236,1609,1627,18
3238,1601,1637,36
3240,1619,1621,2
3242,1579,1663,84
3244,1607,1637,30
3246,1619,1627,8
3248,1621,1627,6
3250,1613,1637,24
3252,1583,1669,86
3254,1597,1657,60
3256,1619,1637,18
3258,1621,1637,16
3260,1597,1663,66
3262,1553,1709,156
3264,1627,1637,10
3266,1609,1657,48
3268,1601,1667,66
3270,1613,1657,44
3272,1609,1663,54
3274,1607,1667,60
3276,1619,1657,38
3278,1621,1657,36
3280,1613,1667,54
3282,1619,1663,44
3284,1627,1657,30
3286,1619,1667,48
3288,1621,1667,46
3290,1627,1663,36
3292,1583,1709,126
3294,1637,1657,20
3296,1627,1669,42
3298,1601,1697,96
3300,1637,1663,26
3302,1609,1693,84
3304,1637,1667,30
3306,1637,1669,32
3308,1609,1699,90
3310,1613,1697,84
3312,1619,1693,74
3314,1621,1693,72
3316,1619,1697,78
3318,1621,1697,76
3320,1657,1663,6
3322,1613,1709,96
3324,1657,1667,10
3326,1657,1669,12
3328,1619,1709,90
3330,1663,1667,4
3332,1663,1669,6
3334,1637,1697,60
3336,1667,1669,2
3338,1597,1741,144
3340,1619,1721,102
3342,1621,1721,100
3344,1621,1723,102
3346,1637,1709,72
3348,1627,1721,94
3350,1657,1693,36
3352,1619,1733,114
3354,1657,1697,40
3356,1663,1693,30
3358,1637,1721,84
3360,1667,1693,26
3362,1669,1693,24
3364,1667,1697,30
3366,1669,1697,28
3368,1669,1699,30
3370,1637,1733,96
3372,1663,1709,46
3374,1627,1747,120
3376,1667,1709,42
3378,1669,1709,40
3380,1657,1723,66
3382,1571,1811,240
3384,1663,1721,58
3386,1663,1723,60
3388,1667,1721,54
3390,1693,1697,4
3392,1693,1699,6
3394,1607,1787,180
3396,1697,1699,2
3398,1657,1741,84
3400,1667,1733,66
3402,1693,1709,16
3404,1663,1741,78
3406,1697,1709,12
3408,1699,1709,10
3410,1669,1741,72
3412,1601,1811,210
3414,1693,1721,28
3416,1693,1723,30
3418,1697,1721,24
3420,1699,1721,22
3422,1699,1723,24
3424,1637,1787,150
3426,1693,1733,40
3428,1669,1759,90
3430,1709,1721,12
3432,1709,1723,14
3434,1693,1741,48
3436,1613,1823,210
3438,1697,1741,44
3440,1699,1741,42
3442,1709,1733,24
3444,1721,1723,2
3446,1699,1747,48
3448,1637,1811,174
3450,1709,1741,32
3452,1699,1753,54
3454,1721,1733,12
3456,1723,1733,10
3458,1699,1759,60
3460,1637,1823,186
3462,1721,1741,20
3464,1723,1741,18
3466,1619,1847,228
3468,1721,1747,26
3470,1723,1747,24
3472,1601,1871,270
3474,1733,1741,8
3476,1723,1753,30
3478,1667,1811,144
3480,1733,1747,14
3482,1723,1759,36
3484,1697,1787,90
3486,1733,1753,20
3488,1741,1747,6
3490,1667,1823,156
3492,1733,1759,26
3494,1741,1753,12
3496,1709,1787,78
3498,1721,1777,56
3500,1747,1753,6
3502,1613,1889,276
3504,1721,1783,62
3506,1747,1759,12
3508,1721,1787,66
3510,1733,1777,44
3512,1753,1759,6
3514,1667,1847,180
3516,1733,1783,50
3518,1741,1777,36
3520,1733,1787,54
3522,1733,1789,56
3524,1747,1777,30
3526,1637,1889,252
3528,1741,1787,46
3530,1753,1777,24
3532,1721,1811,90
3534,1747,1787,40
3536,1759,1777,18
3538,1667,1871,204
3540,1753,1787,34
3542,1759,1783,24
3544,1733,1811,78
3546,1759,1787,28
3548,1759,1789,30
3550,1637,1913,276
3552,1741,1811,70
3554,1753,1801,48
3556,1733,1823,90
3558,1747,1811,64
3560,1777,1783,6
3562,1613,1949,336
3564,1777,1787,10
3566,1777,1789,12
3568,1721,1847,126
3570,1783,1787,4
3572,1783,1789,6
3574,1697,1877,180
3576,1787,1789,2
3578,1777,1801,24
3580,1733,1847,114
3582,1759,1823,64
3584,1783,1801,18
3586,1709,1877,168
3588,1787,1801,14
3590,1789,1801,12
3592,1721,1871,150
3594,1783,1811,28
3596,1723,1873,150
3598,1787,1811,24
3600,1789,1811,22
3602,1741,1861,120
3604,1733,1871,138
3606,1783,1823,40
3608,1777,1831,54
3610,1787,1823,36
3612,1801,1811,10
3614,1783,1831,48
3616,1709,1907,198
3618,1787,1831,44
3620,1789,1831,42
3622,1733,1889,156
3624,1801,1823,22
3626,1759,1867,108
3628,1721,1907,186
3630,1783,1847,64
3632,1801,1831,30
3634,1811,1823,12
3636,1789,1847,58
3638,1777,1861,84
3640,1733,1907,174
3642,1811,1831,20
3644,1783,1861,78
3646,1733,1913,180
3648,1801,1847,46
3650,1789,1861,72
3652,1721,1931,210
3654,1823,1831,8
3656,1789,1867,78
3658,1811,1847,36
3660,1789,1871,82
3662,1801,1861,60
3664,1787,1877,90
3666,1789,1877,88
3668,1801,1867,66
3670,1823,1847,24
3672,1811,1861,50
3674,1801,1873,72
3676,1787,1889,102
3678,1831,1847,16
3680,1801,1879,78
3682,1811,1871,60
3684,1823,1861,38
3686,1753,1933,180
3688,1811,1877,66
3690,1823,1867,44
3692,1831,1861,30
3694,1823,1871,48
3696,1823,1873,50
3698,1831,1867,36
3700,1823,1877,54
3702,1831,1871,40
3704,1831,1873,42
3706,1733,1973,240
3708,1847,1861,14
3710,1831,1879,48
3712,1823,1889,66
3714,1847,1867,20
3716,1783,1933,150
3718,1847,1871,24
3720,1847,1873,26
3722,1789,1933,144
3724,1847,1877,30
3726,1847,1879,32
3728,1861,1867,6
3730,1823,1907,84
3732,1861,1871,10
3734,1861,1873,12
3736,1847,1889,42
3738,1867,1871,4
3740,1867,1873,6
3742,1811,1931,120
3744,1871,1873,2
3746,1867,1879,12
3748,1871,1877,6
3750,1873,1877,4
3752,1873,1879,6
3754,1847,1907,60
3756,1877,1879,2
3758,1759,1999,240
3760,1871,1889,18
3762,1873,1889,16
3764,1831,1933,102
3766,1877,1889,12
3768,1879,1889,10
3770,1783,1987,204
3772,1871,1901,30
3774,1873,1901,28
3776,1789,1987,198
3778,1877,1901,24
3780,1879,1901,22
3782,1831,1951,120
3784,1877,1907,30
3786,1879,1907,28
3788,1801,1987,186
3790,1889,1901,12
3792,1879,1913,34
3794,1861,1933,72
3796,1889,1907,18
3798,1867,1931,64
3800,1867,1933,66
3802,1889,1913,24
3804,1873,1931,58
3806,1873,1933,60
3808,1901,1907,6
3810,1879,1931,52
3812,1879,1933,54
3814,1901,1913,12
3816,1867,1949,82
3818,1867,1951,84
3820,1907,1913,6
3822,1889,1933,44
3824,1873,1951,78
3826,1877,1949,72
3828,1879,1949,70
3830,1879,1951,72
3832,1901,1931,30
3834,1901,1933,32
3836,1783,2053,270
3838,1907,1931,24
3840,1907,1933,26
3842,1831,2011,180
3844,1913,1931,18
3846,1913,1933,20
3848,1861,1987,126
3850,1901,1949,48
3852,1901,1951,50
3854,1867,1987,120
3856,1907,1949,42
3858,1907,1951,44
3860,1873,1987,114
3862,1913,1949,36
3864,1931,1933,2
3866,1879,1987,108
3868,1889,1979,90
3870,1877,1993,116
3872,1879,1993,114
3874,1901,1973,72
3876,1889,1987,98
3878,1879,1999,120
3880,1931,1949,18
3882,1933,1949,16
3884,1933,1951,18
3886,1913,1973,60
3888,1901,1987,86
3890,1879,2011,132
3892,1913,1979,66
3894,1907,1987,80
3896,1879,2017,138
3898,1901,1997,96
3900,1949,1951,2
3902,1873,2029,156
3904,1931,1973,42
3906,1933,1973,40
3908,1879,2029,150
3910,1931,1979,48
3912,1933,1979,46
3914,1861,2053,192
3916,1913,2003,90
3918,1931,1987,56
3920,1933,1987,54
3922,1949,1973,24
3924,1951,1973,22
3926,1933,1993,60
3928,1949,1979,30
3930,1951,1979,28
3932,1933,1999,66
3934,1931,2003,72
3936,1949,1987,38
3938,1951,1987,36
3940,1913,2027,114
3942,1949,1993,44
3944,1951,1993,42
3946,1949,1997,48
3948,1951,1997,46
3950,1951,1999,48
3952,1973,1979,6
3954,1951,2003,52
3956,1873,2083,210
3958,1931,2027,96
3960,1973,1987,14
3962,1951,2011,60
3964,1901,2063,162
3966,1979,1987,8
3968,1951,2017,66
3970,1973,1997,24
3972,1979,1993,14
3974,1861,2113,252
3976,1979,1997,18
3978,1979,1999,20
3980,1987,1993,6
3982,1979,2003,24
3984,1987,1997,10
3986,1987,1999,12
3988,1949,2039,90
3990,1993,1997,4
3992,1993,1999,6
3994,1931,2063,132
3996,1997,1999,2
3998,1987,2011,24
4000,1997,2003,6
4002,1999,2003,4
4004,1993,2011,18
4006,1979,2027,48
4008,1997,2011,14
4010,1999,2011,12
4012,1973,2039,66
4014,2003,2011,8
4016,1999,2017,18
4018,1979,2039,60
4020,2003,2017,14
4022,1993,2029,36
4024,1997,2027,30
4026,1999,2027,28
4028,2011,2017,6
4030,2003,2027,24
4032,2003,2029,26
4034,1951,2083,132
4036,1997,2039,42
4038,2011,2027,16
4040,2011,2029,18
4042,2003,2039,36
4044,2017,2027,10
4046,2017,2029,12
4048,1979,2069,90
4050,2011,2039,28
4052,1999,2053,54
4054,1973,2081,108
4056,2027,2029,2
4058,1879,2179,300
4060,1997,2063,66
4062,1999,2063,64
4064,2011,2053,42
4066,2027,2039,12
4068,2029,2039,10
4070,2017,2053,36
4072,2003,2069,66
4074,2011,2063,52
4076,1993,2083,90
4078,1997,2081,84
4080,2027,2053,26
4082,2029,2053,24
4084,2003,2081,78
4086,2017,2069,52
4088,1999,2089,90
4090,2027,2063,36
4092,2039,2053,14
4094,2011,2083,72
4096,2027,2069,42
4098,2029,2069,40
4100,2017,2083,66
4102,2039,2063,24
4104,2017,2087,70
4106,2017,2089,72
4108,2039,2069,30
4110,2029,2081,52
4112,2029,2083,54
4114,2027,2087,60
4116,2053,2063,10
4118,2029,2089,60
4120,2039,2081,42
4122,2053,2069,16
4124,2011,2113,102
4126,2039,2087,48
4128,2039,2089,50
4130,2017,2113,96
4132,2063,2069,6
4134,2053,2081,28
4136,2053,2083,30
4138,2039,2099,60
4140,2053,2087,34
4142,2053,2089,36
4144,2063,2081,18
4146,2063,2083,20
4148,2017,2131,114
4150,2069,2081,12
4152,2069,2083,14
4154,2017,2137,120
4156,2069,2087,18
4158,2069,2089,20
4160,2029,2131,102
4162,2063,2099,36
4164,2081,2083,2
4166,2053,2113,60
4168,2081,2087,6
4170,2083,2087,4
4172,2083,2089,6
4174,2063,2111,48
4176,2087,2089,2
4178,2017,2161,144
4180,2081,2099,18
4182,2083,2099,16
4184,2053,2131,78
4186,2087,2099,12
4188,2089,2099,10
4190,2053,2137,84
4192,2081,2111,30
4194,2083,2111,28
4196,2083,2113,30
4198,2087,2111,24
4200,2089,2111,22
4202,2089,2113,24
4204,2063,2141,78
4206,2069,2137,68
4208,2029,2179,150
4210,2099,2111,12
4212,2099,2113,14
4214,2083,2131,48
4216,2087,2129,42
4218,2089,2129,40
4220,2089,2131,42
4222,2081,2141,60
4224,2111,2113,2
4226,2089,2137,48
4228,2099,2129,30
4230,2099,2131,32
4232,2089,2143,54
4234,2081,2153,72
4236,2099,2137,38
4238,2017,2221,204
4240,2111,2129,18
4242,2113,2129,16
4244,2113,2131,18
4246,2039,2207,168
4248,2111,2137,26
4250,2113,2137,24
4252,2111,2141,30
4254,2113,2141,28
4256,2113,2143,30
4258,1949,2309,360
4260,2129,2131,2
4262,2083,2179,96
4264,2111,2153,42
4266,2129,2137,8
4268,2131,2137,6
4270,2129,2141,12
4272,2131,2141,10
4274,2131,2143,12
4276,2069,2207,138
4278,2137,2141,4
4280,2137,2143,6
4282,2129,2153,24
4284,2141,2143,2
4286,2083,2203,120
4288,2081,2207,126
4290,2137,2153,16
4292,2131,2161,30
4294,2141,2153,12
4296,2143,2153,10
4298,2137,2161,24
4300,2087,2213,126
4302,2141,2161,20
4304,2143,2161,18
4306,2099,2207,108
4308,2129,2179,50
4310,2131,2179,48
4312,2099,2213,114
4314,2153,2161,8
4316,2137,2179,42
4318,2111,2207,96
4320,2141,2179,38
4322,2143,2179,36
4324,2111,2213,102
4326,2113,2213,100
4328,2089,2239,150
4330,2087,2243,156
4332,2153,2179,26
4334,2131,2203,72
4336,2129,2207,78
4338,2131,2207,76
4340,2161,2179,18
4342,2129,2213,84
4344,2141,2203,62
4346,2143,2203,60
4348,2141,2207,66
4350,2143,2207,64
4352,2131,2221,90
4354,2141,2213,72
4356,2153,2203,50
4358,2137,2221,84
4360,2153,2207,54
4362,2141,2221,80
4364,2161,2203,42
4366,2153,2213,60
4368,2161,2207,46
4370,2131,2239,108
4372,2129,2243,114
4374,2161,2213,52
4376,2137,2239,102
4378,2141,2237,96
4380,2143,2237,94
4382,2179,2203,24
4384,2141,2243,102
4386,2179,2207,28
4388,2137,2251,114
4390,2153,2237,84
4392,2179,2213,34
4394,2143,2251,108
4396,2153,2243,90
4398,2161,2237,76
4400,2179,2221,42
4402,2129,2273,144
4404,2161,2243,82
4406,2137,2269,132
4408,2141,2267,126
4410,2203,2207,4
4412,2161,2251,90
4414,2141,2273,132
4416,2203,2213,10
4418,2179,2239,60
4420,2207,2213,6
4422,2179,2243,64
4424,2203,2221,18
4426,2153,2273,120
4428,2207,2221,14
4430,2179,2251,72
4432,2099,2333,234
4434,2213,2221,8
4436,2143,2293,150
4438,2141,2297,156
4440,2203,2237,34
4442,2203,2239,36
4444,2207,2237,30
4446,2207,2239,32
4448,2179,2269,90
4450,2213,2237,24
4452,2213,2239,26
4454,2203,2251,48
4456,2213,2243,30
4458,2221,2237,16
4460,2221,2239,18
4462,2153,2309,156
4464,2221,2243,22
4466,2179,2287,108
4468,2129,2339,210
4470,2203,2267,64
4472,2221,2251,30
4474,2207,2267,60
4476,2237,2239,2
4478,2137,2341,204
4480,2237,2243,6
4482,2239,2243,4
4484,2203,2281,78
4486,2213,2273,60
4488,2237,2251,14
4490,2239,2251,12
4492,2153,2339,186
4494,2243,2251,8
4496,2203,2293,90
4498,2141,2357,216
4500,2213,2287,74
4502,2221,2281,60
4504,2237,2267,30
4506,2239,2267,28
4508,2239,2269,30
4510,2243,2267,24
4512,2243,2269,26
4514,2221,2293,72
4516,2243,2273,30
4518,2251,2267,16
4520,2251,2269,18
4522,2213,2309,96
4524,2251,2273,22
4526,2239,2287,48
4528,2129,2399,270
4530,2243,2287,44
4532,2251,2281,30
4534,2237,2297,60
4536,2267,2269,2
4538,2251,2287,36
4540,2267,2273,6
4542,2269,2273,4
4544,2251,2293,42
4546,2237,2309,72
4548,2267,2281,14
4550,2269,2281,12
4552,2243,2309,66
4554,2273,2281,8
4556,2269,2287,18
4558,2207,2351,144
4560,2273,2287,14
4562,2269,2293,24
4564,2267,2297,30
4566,2273,2293,20
4568,2281,2287,6
4570,2273,2297,24
4572,2239,2333,94
4574,2281,2293,12
4576,2267,2309,42
4578,2281,2297,16
4580,2287,2293,6
4582,2273,2309,36
4584,2287,2297,10
4586,2239,2347,108
4588,2237,2351,114
4590,2293,2297,4
4592,2281,2311,30
4594,2243,2351,108
4596,2287,2309,22
4598,2287,2311,24
4600,2267,2333,66
4602,2293,2309,16
4604,2293,2311,18
4606,2297,2309,12
4608,2297,2311,14
4610,2269,2341,72
4612,2273,2339,66
4614,2281,2333,52
4616,2269,2347,78
4618,2267,2351,84
4620,2309,2311,2
4622,2281,2341,60
4624,2273,2351,78
4626,2293,2333,40
4628,2287,2341,54
4630,2297,2333,36
4632,2293,2339,46
4634,2293,2341,48
4636,2297,2339,42
4638,2297,2341,44
4640,2293,2347,54
4642,2309,2333,24
4644,2311,2333,22
4646,2269,2377,108
4648,2309,2339,30
4650,2311,2339,28
4652,2311,2341,30
4654,2297,2357,60
4656,2309,2347,38
4658,2311,2347,36
4660,2309,2351,42
4662,2311,2351,40
4664,2293,2371,78
4666,2309,2357,48
4668,2311,2357,46
4670,2293,2377,84
4672,2333,2339,6
4674,2333,2341,8
4676,2293,2383,90
4678,2297,2381,84
4680,2339,2341,2
4682,2311,2371,60
4684,2333,2351,18
4686,2339,2347,8
4688,2341,2347,6
4690,2339,2351,12
4692,2341,2351,10
4694,2311,2383,72
4696,2339,2357,18
4698,2347,2351,4
4700,2311,2389,78
4702,2309,2393,84
4704,2347,2357,10
4706,2269,2437,168
4708,2351,2357,6
4710,2339,2371,32
4712,2341,2371,30
4714,2333,2381,48
4716,2339,2377,38
4718,2347,2371,24
4720,2339,2381,42
4722,2351,2371,20
4724,2347,2377,30
4726,2333,2393,60
4728,2357,2371,14
4730,2347,2383,36
4732,2351,2381,30
4734,2357,2377,20
4736,2347,2389,42
4738,2357,2381,24
4740,2357,2383,26
4742,2269,2473,204
4744,2351,2393,42
4746,2357,2389,32
4748,2371,2377,6
4750,2357,2393,36
4752,2371,2381,10
4754,2371,2383,12
4756,2357,2399,42
4758,2377,2381,4
4760,2377,2383,6
4762,2351,2411,60
4764,2381,2383,2
4766,2377,2389,12
4768,2357,2411,54
4770,2381,2389,8
4772,2383,2389,6
4774,2381,2393,12
4776,2383,2393,10
4778,2341,2437,96
4780,2381,2399,18
4782,2389,2393,4
4784,2347,2437,90
4786,2339,2447,108
4788,2389,2399,10
4790,2287,2503,216
4792,2393,2399,6
4794,2383,2411,28
4796,2293,2503,210
4798,2381,2417,36
4800,2389,2411,22
4802,2281,2521,240
4804,2393,2411,18
4806,2389,2417,28
4808,2371,2437,66
4810,2399,2411,12
4812,2389,2423,34
4814,2377,2437,60
4816,2399,2417,18
4818,2381,2437,56
4820,2383,2437,54
4822,2399,2423,24
4824,2383,2441,58
4826,2389,2437,48
4828,2411,2417,6
4830,2393,2437,44
4832,2311,2521,210
4834,2411,2423,12
4836,2399,2437,38
4838,2371,2467,96
4840,2417,2423,6
4842,2383,2459,76
4844,2377,2467,90
4846,2399,2447,48
4848,2411,2437,26
4850,2383,2467,84
4852,2411,2441,30
4854,2417,2437,20
4856,2389,2467,78
4858,2417,2441,24
4860,2423,2437,14
4862,2389,2473,84
4864,2423,2441,18
4866,2399,2467,68
4868,2347,2521,174
4870,2423,2447,24
4872,2399,2473,74
4874,2371,2503,132
4876,2417,2459,42
4878,2437,2441,4
4880,2377,2503,126
4882,2423,2459,36
4884,2437,2447,10
4886,2383,2503,120
4888,2441,2447,6
4890,2423,2467,44
4892,2389,2503,114
4894,2417,2477,60
4896,2437,2459,22
4898,2377,2521,144
4900,2441,2459,18
4902,2399,2503,104
4904,2437,2467,30
4906,2447,2459,12
4908,2441,2467,26
4910,2437,2473,36
4912,2381,2531,150
4914,2447,2467,20
4916,2377,2539,162
4918,2441,2477,36
4920,2447,2473,26
4922,2383,2539,156
4924,2447,2477,30
4926,2459,2467,8
4928,2389,2539,150
4930,2399,2531,132
4932,2459,2473,14
4934,2383,2551,168
4936,2459,2477,18
4938,2417,2521,104
4940,2467,2473,6
4942,2411,2531,120
4944,2467,2477,10
4946,2389,2557,168
4948,2417,2531,114
4950,2473,2477,4
4952,2293,2659,366
4954,2423,2531,108
4956,2417,2539,122
4958,2437,2521,84
4960,2417,2543,126
4962,2459,2503,44
4964,2371,2593,222
4966,2423,2543,120
4968,2447,2521,74
4970,2467,2503,36
4972,2441,2531,90
4974,2423,2551,128
4976,2473,2503,30
4978,2447,2531,84
4980,2477,2503,26
4982,2389,2593,204
4984,2441,2543,102
4986,2447,2539,92
4988,2467,2521,54
4990,2459,2531,72
4992,2441,2551,110
4994,2473,2521,48
4996,2447,2549,102
4998,2477,2521,44
5000,2383,2617,234
5002,2459,2543,84
5004,2473,2531,58
5006,2467,2539,72
5008,2477,2531,54
5010,2467,2543,76
5012,2473,2539,66
5014,2423,2591,168
5016,2477,2539,62
5018,2467,2551,84
5020,2477,2543,66
5022,2473,2549,76
5024,2503,2521,18
5026,2477,2549,72
5028,2477,2551,74
5030,2473,2557,84
5032,2441,2591,150
5034,2503,2531,28
5036,2389,2647,258
5038,2459,2579,120
5040,2447,2593,146
5042,2503,2539,36
5044,2423,2621,198
5046,2503,2543,40
5048,2389,2659,270
5050,2459,2591,132
5052,2521,2531,10
5054,2503,2551,48
5056,2477,2579,102
5058,2467,2591,124
5060,2521,2539,18
5062,2441,2621,180
5064,2521,2543,22
5066,2473,2593,120
5068,2477,2591,114
5070,2531,2539,8
5072,2521,2551,30
5074,2531,2543,12
5076,2467,2609,142
5078,2521,2557,36
5080,2531,2549,18
5082,2539,2543,4
5084,2467,2617,150
5086,2477,2609,132
5088,2539,2549,10
5090,2539,2551,12
5092,2543,2549,6
5094,2543,2551,8
5096,2539,2557,18
5098,2477,2621,144
5100,2549,2551,2
5102,2389,2713,324
5104,2447,2657,210
5106,2549,2557,8
5108,2551,2557,6
5110,2531,2579,48
5112,2521,2591,70
5114,2521,2593,72
5116,2459,2657,198
5118,2539,2579,40
5120,2503,2617,114
5122,2543,2579,36
5124,2531,2593,62
5126,2467,2659,192
5128,2549,2579,30
5130,2551,2579,28
5132,2539,2593,54
5134,2543,2591,48
5136,2557,2579,22
5138,2521,2617,96
5140,2549,2591,42
5142,2551,2591,40
5144,2551,2593,42
5146,2459,2687,228
5148,2557,2591,34
5150,2557,2593,36
5152,2543,2609,66
5154,2521,2633,112
5156,2539,2617,78
5158,2549,2609,60
5160,2551,2609,58
5162,2503,2659,156
5164,2543,2621,78
5166,2557,2609,52
5168,2551,2617,66
5170,2579,2591,12
5172,2579,2593,14
5174,2557,2617,60
5176,2543,2633,90
5178,2557,2621,64
5180,2521,2659,138
5182,2549,2633,84
5184,2591,2593,2
5186,2539,2647,108
5188,2579,2609,30
5190,2557,2633,76
5192,2521,2671,150
5194,2531,2663,132
5196,2579,2617,38
5198,2551,2647,96
5200,2591,2609,18
5202,2593,2609,16
5204,2557,2647,90
5206,2549,2657,108
5208,2591,2617,26
5210,2593,2617,24
5212,2591,2621,30
5214,2593,2621,28
5216,2557,2659,102
5218,2531,2687,156
5220,2557,2663,106
5222,2551,2671,120
5224,2591,2633,42
5226,2609,2617,8
5228,2557,2671,114
5230,2609,2621,12
5232,2549,2683,134
5234,2557,2677,120
5236,2579,2657,78
5238,2617,2621,4
5240,2593,2647,54
5242,2609,2633,24
5244,2557,2687,130
5246,2557,2689,132
5248,2591,2657,66
5250,2617,2633,16
5252,2593,2659,66
5254,2621,2633,12
5256,2609,2647,38
5258,2551,2707,156
5260,2549,2711,162
5262,2591,2671,80
5264,2617,2647,30
5266,2609,2657,48
5268,2621,2647,26
5270,2593,2677,84
5272,2609,2663,54
5274,2617,2657,40
5276,2617,2659,42
5278,2621,2657,36
5280,2633,2647,14
5282,2593,2689,96
5284,2621,2663,42
5286,2609,2677,68
5288,2617,2671,54
5290,2633,2657,24
5292,2633,2659,26
5294,2617,2677,60
5296,2633,2663,30
5298,2621,2677,56
5300,2617,2683,66
5302,2609,2693,84
5304,2647,2657,10
5306,2647,2659,12
5308,2621,2687,66
5310,2647,2663,16
5312,2593,2719,126
5314,2621,2693,72
5316,2657,2659,2
5318,2647,2671,24
5320,2657,2663,6
5322,2659,2663,4
5324,2647,2677,30
5326,2633,2693,60
5328,2657,2671,14
5330,2659,2671,12
5332,2633,2699,66
5334,2663,2671,8
5336,2659,2677,18
5338,2609,2729,120
5340,2663,2677,14
5342,2659,2683,24
5344,2657,2687,30
5346,2663,2683,20
5348,2671,2677,6
5350,2663,2687,24
5352,2663,2689,26
5354,2671,2683,12
5356,2663,2693,30
5358,2671,2687,16
5360,2677,2683,6
5362,2663,2699,36
5364,2677,2687,10
5366,2677,2689,12
5368,2657,2711,54
5370,2683,2687,4
5372,2683,2689,6
5374,2663,2711,48
5376,2687,2689,2
5378,2671,2707,36
5380,2687,2693,6
5382,2689,2693,4
5384,2677,2707,30
5386,2687,2699,12
5388,2689,2699,10
5390,2683,2707,24
5392,2693,2699,6
5394,2687,2707,20
5396,2689,2707,18
5398,2687,2711,24
5400,2693,2707,14
5402,2689,2713,24
5404,2693,2711,18
5406,2699,2707,8
5408,2689,2719,30
5410,2699,2711,12
5412,2699,2713,14
5414,2683,2731,48
5416,2687,2729,42
5418,2707,2711,4
5420,2707,2713,6
5422,2693,2729,36
5424,2711,2713,2
5426,2707,2719,12
5428,2699,2729,30
5430,2711,2719,8
5432,2713,2719,6
5434,2693,2741,48
5436,2707,2729,22
5438,2707,2731,24
5440,2711,2729,18
5442,2713,2729,16
5444,2713,2731,18
5446,2693,2753,60
5448,2719,2729,10
5450,2719,2731,12
5452,2711,2741,30
5454,2713,2741,28
5456,2707,2749,42
5458,2657,2801,144
5460,2729,2731,2
5462,2713,2749,36
5464,2711,2753,42
5466,2713,2753,40
5468,2719,2749,30
5470,2729,2741,12
5472,2731,2741,10
5474,2707,2767,60
5476,2699,2777,78
5478,2729,2749,20
5480,2731,2749,18
5482,2729,2753,24
5484,2731,2753,22
5486,2719,2767,48
5488,2711,2777,66
5490,2741,2749,8
5492,2689,2803,114
5494,2741,2753,12
5496,2729,2767,38
5498,2731,2767,36
5500,2711,2789,78
5502,2749,2753,4
5504,2713,2791,78
5506,2729,2777,48
5508,2741,2767,26
5510,2719,2791,72
5512,2711,2801,90
5514,2713,2801,88
5516,2749,2767,18
5518,2741,2777,36
5520,2753,2767,14
5522,2731,2791,60
5524,2687,2837,150
5526,2749,2777,28
5528,2731,2797,66
5530,2753,2777,24
5532,2741,2791,50
5534,2731,2803,72
5536,2699,2837,138
5538,2749,2789,40
5540,2749,2791,42
5542,2753,2789,36
5544,2767,2777,10
5546,2749,2797,48
5548,2729,2819,90
5550,2753,2797,44
5552,2749,2803,54
5554,2753,2801,48
5556,2767,2789,22
5558,2767,2791,24
5560,2741,2819,78
5562,2729,2833,104
5564,2767,2797,30
5566,2777,2789,12
5568,2777,2791,14
5570,2767,2803,36
5572,2753,2819,66
5574,2777,2797,20
5576,2719,2857,138
5578,2777,2801,24
5580,2789,2791,2
5582,2749,2833,84
5584,2741,2843,102
5586,2789,2797,8
5588,2791,2797,6
5590,2789,2801,12
5592,2791,2801,10
5594,2791,2803,12
5596,2777,2819,42
5598,2797,2801,4
5600,2797,2803,6
5602,2741,2861,120
5604,2801,2803,2
5606,2749,2857,108
5608,2789,2819,30
5610,2791,2819,28
5612,2659,2953,294
5614,2777,2837,60
5616,2797,2819,22
5618,2767,2851,84
5620,2801,2819,18
5622,2803,2819,16
5624,2791,2833,42
5626,2789,2837,48
5628,2791,2837,46
5630,2797,2833,36
5632,2789,2843,54
5634,2801,2833,32
5636,2803,2833,30
5638,2801,2837,36
5640,2803,2837,34
5642,2791,2851,60
5644,2801,2843,42
5646,2803,2843,40
5648,2797,2851,54
5650,2789,2861,72
5652,2819,2833,14
5654,2803,2851,48
5656,2819,2837,18
5658,2801,2857,56
5660,2803,2857,54
5662,2819,2843,24
5664,2803,2861,58
5666,2749,2917,168
5668,2789,2879,90
5670,2833,2837,4
5672,2719,2953,234
5674,2777,2897,120
5676,2833,2843,10
5678,2791,2887,96
5680,2837,2843,6
5682,2803,2879,76
5684,2833,2851,18
5686,2789,2897,108
5688,2837,2851,14
5690,2833,2857,24
5692,2789,2903,114
5694,2843,2851,8
5696,2677,3019,342
5698,2837,2861,24
5700,2843,2857,14
5702,2749,2953,204
5704,2843,2861,18
5706,2819,2887,68
5708,2851,2857,6
5710,2801,2909,108
5712,2851,2861,10
5714,2797,2917,120
5716,2837,2879,42
5718,2857,2861,4
5720,2833,2887,54
5722,2843,2879,36
5724,2837,2887,50
5726,2707,3019,312
5728,2819,2909,90
5730,2851,2879,28
5732,2731,3001,270
5734,2837,2897,60
5736,2857,2879,22
5738,2851,2887,36
5740,2861,2879,18
5742,2833,2909,76
5744,2857,2887,30
5746,2843,2903,60
5748,2861,2887,26
5750,2833,2917,84
5752,2843,2909,66
5754,2857,2897,40
5756,2803,2953,150
5758,2861,2897,36
5760,2857,2903,46
5762,2791,2971,180
5764,2861,2903,42
5766,2879,2887,8
5768,2851,2917,66
5770,2861,2909,48
5772,2833,2939,106
5774,2857,2917,60
5776,2879,2897,18
5778,2861,2917,56
5780,2731,3049,318
5782,2879,2903,24
5784,2887,2897,10
5786,2833,2953,120
5788,2879,2909,30
5790,2887,2903,16
5792,2791,3001,210
5794,2837,2957,120
5796,2887,2909,22
5798,2797,3001,204
5800,2897,2903,6
5802,2833,2969,136
5804,2887,2917,30
5806,2897,2909,12
5808,2851,2957,106
5810,2857,2953,96
5812,2903,2909,6
5814,2897,2917,20
5816,2797,3019,222
5818,2879,2939,60
5820,2903,2917,14
5822,2851,2971,120
5824,2897,2927,30
5826,2909,2917,8
5828,2857,2971,114
5830,2903,2927,24
5832,2879,2953,74
5834,2833,3001,168
5836,2909,2927,18
5838,2837,3001,164
5840,2887,2953,66
5842,2903,2939,36
5844,2917,2927,10
5846,2797,3049,252
5848,2909,2939,30
5850,2897,2953,56
5852,2851,3001,150
5854,2897,2957,60
5856,2917,2939,22
5858,2887,2971,84
5860,2903,2957,54
5862,2909,2953,44
5864,2803,3061,258
5866,2927,2939,12
5868,2897,2971,74
5870,2917,2953,36
5872,2909,2963,54
5874,2917,2957,40
5876,2857,3019,162
5878,2909,2969,60
5880,2927,2953,26
5882,2833,3049,216
5884,2927,2957,30
5886,2917,2969,52
5888,2917,2971,54
5890,2927,2963,36
5892,2939,2953,14
5894,2857,3037,180
5896,2939,2957,18
5898,2927,2971,44
5900,2851,3049,198
5902,2939,2963,24
5904,2903,3001,98
5906,2887,3019,132
5908,2939,2969,30
5910,2953,2957,4
5912,2851,3061,210
5914,2903,3011,108
5916,2953,2963,10
5918,2917,3001,84
5920,2957,2963,6
5922,2953,2969,16
5924,2953,2971,18
5926,2957,2969,12
5928,2957,2971,14
5930,2851,3079,228
5932,2963,2969,6
5934,2963,2971,8
5936,2917,3019,102
5938,2939,2999,60
5940,2969,2971,2
5942,2833,3109,276
5944,2903,3041,138
5946,2927,3019,92
5948,2887,3061,174
5950,2939,3011,72
5952,2953,2999,46
5954,2953,3001,48
5956,2957,2999,42
5958,2957,3001,44
5960,2851,3109,258
5962,2963,2999,36
5964,2963,3001,38
5966,2917,3049,132
5968,2969,2999,30
5970,2971,2999,28
5972,2971,3001,30
5974,2963,3011,48
5976,2957,3019,62
5978,2917,3061,144
5980,2969,3011,42
5982,2971,3011,40
5984,2917,3067,150
5986,2963,3023,60
5988,2969,3019,50
5990,2971,3019,48
5992,2969,3023,54
5994,2971,3023,52
5996,2917,3079,162
5998,2957,3041,84
6000,2999,3001,2
6002,2953,3049,96
6004,2963,3041,78
6006,2969,3037,68
6008,2971,3037,66
6010,2999,3011,12
6012,3001,3011,10
6014,2953,3061,108
6016,2927,3089,162
6018,2999,3019,20
6020,3001,3019,18
6022,2999,3023,24
6024,3001,3023,22
6026,2917,3109,192
6028,2939,3089,150
6030,3011,3019,8
6032,2971,3061,90
6034,3011,3023,12
6036,2999,3037,38
6038,3001,3037,36
6040,2999,3041,42
6042,3019,3023,4
6044,2857,3187,330
6046,2963,3083,120
6048,3011,3037,26
6050,3001,3049,48
6052,3011,3041,30
6054,2971,3083,112
6056,3019,3037,18
6058,2969,3089,120
6060,3023,3037,14
6062,3001,3061,60
6064,3023,3041,18
6066,2999,3067,68
6068,3019,3049,30
6070,2903,3167,264
6072,3023,3049,26
6074,2953,3121,168
6076,2957,3119,162
6078,3037,3041,4
6080,3019,3061,42
6082,2999,3083,84
6084,3023,3061,38
6086,3037,3049,12
6088,2999,3089,90
6090,3041,3049,8
6092,2971,3121,150
6094,3011,3083,72
6096,2927,3169,242
6098,3037,3061,24
6100,3011,3089,78
6102,3041,3061,20
6104,3037,3067,30
6106,3023,3083,60
6108,3041,3067,26
6110,3049,3061,12
6112,3023,3089,66
6114,2927,3187,260
6116,3049,3067,18
6118,2999,3119,120
6120,3041,3079,38
6122,3001,3121,120
6124,3041,3083,42
6126,3037,3089,52
6128,3061,3067,6
6130,3041,3089,48
6132,3049,3083,34
6134,2971,3163,192
6136,2999,3137,138
6138,3049,3089,40
6140,3061,3079,18
6142,3023,3119,96
6144,3061,3083,22
6146,3067,3079,12
6148,3011,3137,126
6150,3067,3083,16
6152,2971,3181,210
6154,2963,3191,228
6156,3067,3089,22
6158,3049,3109,60
6160,3041,3119,78
6162,3079,3083,4
6164,3001,3163,162
6166,2999,3167,168
6168,3079,3089,10
6170,3061,3109,48
6172,3083,3089,6
6174,3037,3137,100
6176,3067,3109,42
6178,3041,3137,96
6180,3061,3119,58
6182,3061,3121,60
6184,2963,3221,258
6186,3067,3119,52
6188,3079,3109,30
6190,3023,3167,144
6192,3083,3109,26
6194,2887,3307,420
6196,2939,3257,318
6198,3089,3109,20
6200,3079,3121,42
6202,3083,3119,36
6204,3083,3121,38
6206,3037,3169,132
6208,3089,3119,30
6210,3089,3121,32
6212,3049,3163,114
6214,3023,3191,168
6216,3079,3137,58
6218,3049,3169,120
6220,3083,3137,54
6222,3041,3181,140
6224,3061,3163,102
6226,3089,3137,48
6228,3109,3119,10
6230,3109,3121,12
6232,3041,3191,150
6234,3067,3167,100
6236,3067,3169,102
6238,2939,3299,360
6240,3119,3121,2
6242,3079,3163,84
6244,3041,3203,162
6246,3109,3137,28
6248,3079,3169,90
6250,3083,3167,84
6252,3089,3163,74
6254,3067,3187,120
6256,3119,3137,18
6258,3121,3137,16
6260,3079,3181,102
6262,3041,3221,180
6264,3083,3181,98
6266,3079,3187,108
6268,3011,3257,246
6270,3089,3181,92
6272,3109,3163,54
6274,3083,3191,108
6276,3109,3167,58
6278,3109,3169,60
6280,3089,3191,102
6282,3119,3163,44
6284,3121,3163,42
6286,3119,3167,48
6288,3121,3167,46
6290,3121,3169,48
6292,3089,3203,114
6294,3041,3253,212
6296,3109,3187,78
6298,3089,3209,120
6300,3137,3163,26
6302,3121,3181,60
6304,3137,3167,30
6306,3137,3169,32
6308,3121,3187,66
6310,3119,3191,72
6312,3121,3191,70
6314,3061,3253,192
6316,2969,3347,378
6318,3137,3181,44
6320,3067,3253,186
6322,3119,3203,84
6324,3137,3187,50
6326,3109,3217,108
6328,3137,3191,54
6330,3163,3167,4
6332,3163,3169,6
6334,3083,3251,168
6336,3167,3169,2
6338,3121,3217,96
6340,3137,3203,66
6342,3121,3221,100
6344,3163,3181,18
6346,3137,3209,72
6348,3167,3181,14
6350,3169,3181,12
6352,3023,3329,306
6354,3167,3187,20
6356,3169,3187,18
6358,3167,3191,24
6360,3169,3191,22
6362,3109,3253,144
6364,3041,3323,282
6366,3163,3203,40
6368,3181,3187,6
6370,3167,3203,36
6372,3181,3191,10
6374,3121,3253,132
6376,3167,3209,42
6378,3187,3191,4
6380,3163,3217,54
6382,3083,3299,216
6384,3181,3203,22
6386,3169,3217,48
6388,3167,3221,54
6390,3187,3203,16
6392,3163,3229,66
6394,3191,3203,12
6396,3187,3209,22
6398,3181,3217,36
6400,3191,3209,18
6402,3181,3221,40
6404,3187,3217,30
6406,3083,3323,240
6408,3191,3217,26
6410,3181,3229,48
6412,3203,3209,6
6414,3163,3251,88
6416,3187,3229,42
6418,3167,3251,84
6420,3203,3217,14
6422,3169,3253,84
6424,3203,3221,18
6426,3209,3217,8
6428,3169,3259,90
6430,3209,3221,12
6432,3203,3229,26
6434,3181,3253,72
6436,3137,3299,162
6438,3217,3221,4
6440,3187,3253,66
6442,3191,3251,60
6444,3191,3253,62
6446,3217,3229,12
6448,3191,3257,66
6450,3221,3229,8
6452,3181,3271,90
6454,3203,3251,48
6456,3203,3253,50
6458,3187,3271,84
6460,3209,3251,42
6462,3209,3253,44
6464,3163,3301,138
6466,3209,3257,48
6468,3217,3251,34
6470,3217,3253,36
6472,3221,3251,30
6474,3221,3253,32
6476,3217,3259,42
6478,3221,3257,36
6480,3229,3251,22
6482,3229,3253,24
6484,3137,3347,210
6486,3229,3257,28
6488,3229,3259,30
6490,3191,3299,108
6492,3221,3271,50
6494,3187,3307,120
6496,3167,3329,162
6498,3191,3307,116
6500,3229,3271,42
6502,3203,3299,96
6504,3251,3253,2
6506,3187,3319,132
6508,3251,3257,6
6510,3253,3257,4
6512,3253,3259,6
6514,3191,3323,132
6516,3257,3259,2
6518,3217,3301,84
6520,3221,3299,78
6522,3251,3271,20
6524,3253,3271,18
6526,3203,3323,120
6528,3257,3271,14
6530,3259,3271,12
6532,3209,3323,114
6534,3221,3313,92
6536,3229,3307,78
6538,3209,3329,120
6540,3221,3319,98
6542,3229,3313,84
6544,3221,3323,102
6546,3217,3329,112
6548,3229,3319,90
6550,3251,3299,48
6552,3253,3299,46
6554,3253,3301,48
6556,3257,3299,42
6558,3259,3299,40
6560,3259,3301,42
6562,3203,3359,156
6564,3257,3307,50
6566,3259,3307,48
6568,3221,3347,126
6570,3271,3299,28
6572,3271,3301,30
6574,3251,3323,72
6576,3257,3319,62
6578,3271,3307,36
6580,3257,3323,66
6582,3259,3323,64
6584,3271,3313,42
6586,3257,3329,72
6588,3259,3329,70
6590,3271,3319,48
6592,3221,3371,150
6594,3271,3323,52
6596,3253,3343,90
6598,3251,3347,96
6600,3299,3301,2
6602,3271,3331,60
6604,3257,3347,90
6606,3299,3307,8
6608,3301,3307,6
6610,3251,3359,108
6612,3299,3313,14
6614,3301,3313,12
6616,3257,3359,102
6618,3299,3319,20
6620,3307,3313,6
6622,3299,3323,24
6624,3301,3323,22
6626,3307,3319,12
6628,3299,3329,30
6630,3307,3323,16
6632,3313,3319,6
6634,3221,3413,192
6636,3313,3323,10
6638,3307,3331,24
6640,3251,3389,138
6642,3319,3323,4
6644,3313,3331,18
6646,3299,3347,48
6648,3319,3329,10
6650,3319,3331,12
6652,3323,3329,6
6654,3323,3331,8
6656,3313,3343,30
6658,3299,3359,60
6660,3329,3331,2
6662,3319,3343,24
6664,3257,3407,150
6666,3323,3343,20
6668,3307,3361,54
6670,3323,3347,24
6672,3329,3343,14
6674,3331,3343,12
6676,3329,3347,18
6678,3331,3347,16
6680,3319,3361,42
6682,3323,3359,36
6684,3323,3361,38
6686,3313,3373,60
6688,3329,3359,30
6690,3343,3347,4
6692,3331,3361,30
6694,3323,3371,48
6696,3323,3373,50
6698,3307,3391,84
6700,3329,3371,42
6702,3343,3359,16
6704,3343,3361,18
6706,3347,3359,12
6708,3347,3361,14
6710,3319,3391,72
6712,3323,3389,66
6714,3343,3371,28
6716,3343,3373,30
6718,3347,3371,24
6720,3359,3361,2
6722,3331,3391,60
6724,3257,3467,210
6726,3319,3407,88
6728,3271,3457,186
6730,3359,3371,12
6732,3361,3371,10
6734,3361,3373,12
6736,3347,3389,42
6738,3347,3391,44
6740,3307,3433,126
6742,3329,3413,84
6744,3371,3373,2
6746,3313,3433,120
6748,3359,3389,30
6750,3361,3389,28
6752,3361,3391,30
6754,3347,3407,60
6756,3343,3413,70
6758,3301,3457,156
6760,3371,3389,18
6762,3373,3389,16
6764,3373,3391,18
6766,3359,3407,48
6768,3361,3407,46
6770,3313,3457,144
6772,3359,3413,54
6774,3361,3413,52
6776,3343,3433,90
6778,3371,3407,36
6780,3389,3391,2
6782,3319,3463,144
6784,3371,3413,42
6786,3373,3413,40
6788,3331,3457,126
6790,3329,3461,132
6792,3359,3433,74
6794,3361,3433,72
6796,3389,3407,18
6798,3391,3407,16
6800,3343,3457,114
6802,3389,3413,24
6804,3391,3413,22
6806,3373,3433,60
6808,3359,3449,90
6810,3361,3449,88
6812,3343,3469,126
6814,3347,3467,120
6816,3359,3457,98
6818,3361,3457,96
6820,3407,3413,6
6822,3389,3433,44
6824,3391,3433,42
6826,3359,3467,108
6828,3371,3457,86
6830,3373,3457,84
6832,3371,3461,90
6834,3373,3461,88
6836,3373,3463,90
6838,3389,3449,60
6840,3407,3433,26
6842,3373,3469,96
6844,3251,3593,342
6846,3413,3433,20
6848,3391,3457,66
6850,3389,3461,72
6852,3391,3461,70
6854,3391,3463,72
6856,3407,3449,42
6858,3391,3467,76
6860,3391,3469,78
6862,3413,3449,36
6864,3407,3457,50
6866,3319,3547,228
6868,3407,3461,54
6870,3413,3457,44
6872,3373,3499,126
6874,3413,3461,48
6876,3413,3463,50
6878,3361,3517,156
6880,3413,3467,54
6882,3433,3449,16
6884,3373,3511,138
6886,3359,3527,168
6888,3389,3499,110
6890,3433,3457,24
6892,3359,3533,174
6894,3433,3461,28
6896,3433,3463,30
6898,3407,3491,84
6900,3433,3467,34
6902,3433,3469,36
6904,3413,3491,78
6906,3449,3457,8
6908,3391,3517,126
6910,3449,3461,12
6912,3449,3463,14
6914,3373,3541,168
6916,3449,3467,18
6918,3457,3461,4
6920,3457,3463,6
6922,3389,3533,144
6924,3461,3463,2
6926,3457,3469,12
6928,3461,3467,6
6930,3463,3467,4
6932,3463,3469,6
6934,3407,3527,120
6936,3467,3469,2
6938,3391,3547,156
6940,3449,3491,42
6942,3413,3529,116
6944,3433,3511,78
6946,3413,3533,120
6948,3457,3491,34
6950,3433,3517,84
6952,3461,3491,30
6954,3463,3491,28
6956,3457,3499,42
6958,3467,3491,24
6960,3469,3491,22
6962,3463,3499,36
6964,3407,3557,150
6966,3467,3499,32
6968,3469,3499,30
6970,3413,3557,144
6972,3461,3511,50
6974,3463,3511,48
6976,3449,3527,78
6978,3467,3511,44
6980,3469,3511,42
6982,3449,3533,84
6984,3467,3517,50
6986,3469,3517,48
6988,3461,3527,66
6990,3491,3499,8
6992,3463,3529,66
6994,3467,3527,60
6996,3469,3527,58
6998,3469,3529,60
7000,3467,3533,66
7002,3491,3511,20
7004,3463,3541,78
7006,3467,3539,72
7008,3491,3517,26
7010,3499,3511,12
7012,3389,3623,234
7014,3467,3547,80
7016,3499,3517,18
7018,3491,3527,36
7020,3491,3529,38
7022,3463,3559,96
7024,3491,3533,42
7026,3499,3527,28
7028,3511,3517,6
7030,3491,3539,48
7032,3499,3533,34
7034,3463,3571,108
7036,3413,3623,210
7038,3511,3527,16
7040,3511,3529,18
7042,3461,3581,120
7044,3517,3527,10
7046,3517,3529,12
7048,3491,3557,66
7050,3517,3533,16
7052,3511,3541,30
7054,3461,3593,132
7056,3527,3529,2
7058,3517,3541,24
7060,3527,3533,6
7062,3529,3533,4
7064,3517,3547,30
7066,3527,3539,12
7068,3529,3539,10
7070,3529,3541,12
7072,3533,3539,6
7074,3533,3541,8
7076,3529,3547,18
7078,3461,3617,156
7080,3539,3541,2
7082,3511,3571,60
7084,3527,3557,30
7086,3539,3547,8
7088,3541,3547,6
7090,3533,3557,24
7092,3533,3559,26
7094,3511,3583,72
7096,3539,3557,18
7098,3541,3557,16
7100,3541,3559,18
7102,3323,3779,456
7104,3547,3557,10
7106,3547,3559,12
7108,3527,3581,54
7110,3539,3571,32
7112,3541,3571,30
7114,3533,3581,48
7116,3557,3559,2
7118,3547,3571,24
7120,3539,3581,42
7122,3541,3581,40
7124,3541,3583,42
7126,3533,3593,60
7128,3557,3571,14
7130,3559,3571,12
7132,3539,3593,54
7134,3541,3593,52
7136,3529,3607,78
7138,3557,3581,24
7140,3559,3581,22
7142,3559,3583,24
7144,3527,3617,90
7146,3539,3607,68
7148,3541,3607,66
7150,3557,3593,36
7152,3571,3581,10
7154,3571,3583,12
7156,3539,3617,78
7158,3541,3617,76
7160,3547,3613,66
7162,3539,3623,84
7164,3581,3583,2
7166,3559,3607,48
7168,3491,3677,186
7170,3557,3613,56
7172,3559,3613,54
7174,3581,3593,12
7176,3583,3593,10
7178,3571,3607,36
7180,3557,3623,66
7182,3559,3623,64
7184,3571,3613,42
7186,3527,3659,132
7188,3581,3607,26
7190,3583,3607,24
7192,3533,3659,126
7194,3581,3613,32
7196,3583,3613,30
7198,3581,3617,36
7200,3593,3607,14
7202,3571,3631,60
7204,3581,3623,42
7206,3593,3613,20
7208,3571,3637,66
7210,3593,3617,24
7212,3581,3631,50
7214,3583,3631,48
7216,3593,3623,30
7218,3581,3637,56
7220,3607,3613,6
7222,3461,3761,300
7224,3607,3617,10
7226,3583,3643,60
7228,3557,3671,114
7230,3613,3617,4
7232,3559,3673,114
7234,3557,3677,120
7236,3613,3623,10
7238,3607,3631,24
7240,3617,3623,6
7242,3583,3659,76
7244,3613,3631,18
7246,3527,3719,192
7248,3617,3631,14
7250,3613,3637,24
7252,3593,3659,66
7254,3623,3631,8
7256,3613,3643,30
7258,3581,3677,96
7260,3623,3637,14
7262,3571,3691,120
7264,3593,3671,78
7266,3623,3643,20
7268,3631,3637,6
7270,3593,3677,84
7272,3613,3659,46
7274,3631,3643,12
7276,3617,3659,42
7278,3607,3671,64
7280,3637,3643,6
7282,3623,3659,36
7284,3613,3671,58
7286,3613,3673,60
7288,3617,3671,54
7290,3631,3659,28
7292,3583,3709,126
7294,3623,3671,48
7296,3637,3659,22
7298,3607,3691,84
7300,3623,3677,54
7302,3643,3659,16
7304,3631,3673,42
7306,3539,3767,228
7308,3637,3671,34
7310,3637,3673,36
7312,3593,3719,126
7314,3643,3671,28
7316,3643,3673,30
7318,3617,3701,84
7320,3643,3677,34
7322,3631,3691,60
7324,3623,3701,78
7326,3617,3709,92
7328,3637,3691,54
7330,3659,3671,12
7332,3659,3673,14
7334,3643,3691,48
7336,3659,3677,18
7338,3637,3701,64
7340,3643,3697,54
7342,3623,3719,96
7344,3671,3673,2
7346,3637,3709,72
7348,3671,3677,6
7350,3673,3677,4
7352,3643,3709,66
7354,3593,3761,168
7356,3659,3697,38
7358,3631,3727,96
7360,3659,3701,42
7362,3671,3691,20
7364,3673,3691,18
7366,3533,3833,300
7368,3677,3691,14
7370,3673,3697,24
7372,3671,3701,30
7374,3677,3697,20
7376,3643,3733,90
7378,3677,3701,24
7380,3671,3709,38
7382,3673,3709,36
7384,3623,3761,138
7386,3677,3709,32
7388,3691,3697,6
7390,3671,3719,48
7392,3691,3701,10
7394,3571,3823,252
7396,3677,3719,42
7398,3697,3701,4
7400,3691,3709,18
7402,3623,3779,156
7404,3677,3727,50
7406,3697,3709,12
7408,3557,3851,294
7410,3701,3709,8
7412,3673,3739,66
7414,3617,3797,180
7416,3697,3719,22
7418,3691,3727,36
7420,3701,3719,18
7422,3643,3779,136
7424,3697,3727,30
7426,3659,3767,108
7428,3709,3719,10
7430,3697,3733,36
7432,3671,3761,90
7434,3701,3733,32
7436,3709,3727,18
7438,3677,3761,84
7440,3701,3739,38
7442,3709,3733,24
7444,3677,3767,90
7446,3719,3727,8
7448,3709,3739,30
7450,3671,3779,108
7452,3719,3733,14
7454,3631,3823,192
7456,3677,3779,102
7458,3719,3739,20
7460,3727,3733,6
7462,3701,3761,60
7464,3697,3767,70
7466,3727,3739,12
7468,3701,3767,66
7470,3709,3761,52
7472,3733,3739,6
7474,3677,3797,120
7476,3709,3767,58
7478,3709,3769,60
7480,3719,3761,42
7482,3659,3823,164
7484,3691,3793,102
7486,3719,3767,48
7488,3727,3761,34
7490,3697,3793,96
7492,3671,3821,150
7494,3733,3761,28
7496,3727,3769,42
7498,3719,3779,60
7500,3739,3761,22
7502,3733,3769,36
7504,3701,3803,102
7506,3739,3767,28
7508,3739,3769,30
7510,3677,3833,156
7512,3733,3779,46
7514,3691,3823,132
7516,3719,3797,78
7518,3739,3779,40
7520,3727,3793,66
7522,3719,3803,84
7524,3727,3797,70
7526,3733,3793,60
7528,3761,3767,6
7530,3761,3769,8
7532,3739,3793,54
7534,3701,3833,132
7536,3767,3769,2
7538,3691,3847,156
7540,3761,3779,18
7542,3739,3803,64
7544,3697,3847,150
7546,3767,3779,12
7548,3769,3779,10
7550,3727,3823,96
7552,3719,3833,114
7554,3761,3793,32
7556,3733,3823,90
7558,3761,3797,36
7560,3767,3793,26
7562,3769,3793,24
7564,3767,3797,30
7566,3769,3797,28
7568,3691,3877,186
7570,3767,3803,36
7572,3779,3793,14
7574,3727,3847,120
7576,3779,3797,18
7578,3727,3851,124
7580,3733,3847,114
7582,3779,3803,24
7584,3761,3823,62
7586,3739,3847,108
7588,3767,3821,54
7590,3793,3797,4
7592,3769,3823,54
7594,3761,3833,72
7596,3793,3803,10
7598,3709,3889,180
7600,3797,3803,6
7602,3779,3823,44
7604,3727,3877,150
7606,3677,3929,252
7608,3761,3847,86
7610,3733,3877,144
7612,3779,3833,54
7614,3793,3821,28
7616,3793,3823,30
7618,3797,3821,24
7620,3797,3823,26
7622,3769,3853,84
7624,3803,3821,18
7626,3803,3823,20
7628,3739,3889,150
7630,3797,3833,36
7632,3779,3853,74
7634,3727,3907,180
7636,3803,3833,30
7638,3761,3877,116
7640,3793,3847,54
7642,3779,3863,84
7644,3821,3823,2
7646,3793,3853,60
7648,3797,3851,54
7650,3803,3847,44
7652,3733,3919,186
7654,3821,3833,12
7656,3823,3833,10
7658,3769,3889,120
7660,3797,3863,66
7662,3739,3923,184
7664,3733,3931,198
7666,3803,3863,60
7668,3821,3847,26
7670,3823,3847,24
7672,3821,3851,30
7674,3823,3851,28
7676,3823,3853,30
7678,3797,3881,84
7680,3833,3847,14
7682,3793,3889,96
7684,3833,3851,18
7686,3833,3853,20
7688,3769,3919,150
7690,3779,3911,132
7692,3803,3889,86
7694,3727,3967,240
7696,3833,3863,30
7698,3847,3851,4
7700,3847,3853,6
7702,3821,3881,60
7704,3851,3853,2
7706,3739,3967,228
7708,3797,3911,114
7710,3847,3863,16
7712,3823,3889,66
7714,3851,3863,12
7716,3853,3863,10
7718,3697,4021,324
7720,3803,3917,114
7722,3833,3889,56
7724,3847,3877,30
7726,3803,3923,120
7728,3851,3877,26
7730,3853,3877,24
7732,3851,3881,30
7734,3853,3881,28
7736,3847,3889,42
7738,3821,3917,96
7740,3863,3877,14
7742,3853,3889,36
7744,3863,3881,18
7746,3823,3923,100
7748,3727,4021,294
7750,3833,3917,84
7752,3863,3889,26
7754,3847,3907,60
7756,3833,3923,90
7758,3877,3881,4
7760,3853,3907,54
7762,3851,3911,60
7764,3853,3911,58
7766,3877,3889,12
7768,3851,3917,66
7770,3881,3889,8
7772,3853,3919,66
7774,3863,3911,48
7776,3853,3923,70
7778,3847,3931,84
7780,3863,3917,54
7782,3863,3919,56
7784,3877,3907,30
7786,3863,3923,60
7788,3881,3907,26
7790,3847,3943,96
7792,3881,3911,30
7794,3877,3917,40
7796,3889,3907,18
7798,3881,3917,36
7800,3889,3911,22
7802,3709,4093,384
7804,3881,3923,42
7806,3889,3917,28
7808,3889,3919,30
7810,3881,3929,48
7812,3889,3923,34
7814,3847,3967,120
7816,3803,4013,210
7818,3907,3911,4
7820,3889,3931,42
7822,3833,3989,156
7824,3907,3917,10
7826,3907,3919,12
7828,3911,3917,6
7830,3911,3919,8
7832,3889,3943,54
7834,3911,3923,12
7836,3917,3919,2
7838,3907,3931,24
7840,3917,3923,6
7842,3919,3923,4
7844,3877,3967,90
7846,3917,3929,12
7848,3919,3929,10
7850,3919,3931,12
7852,3923,3929,6
7854,3923,3931,8
7856,3889,3967,78
7858,3911,3947,36
7860,3929,3931,2
7862,3919,3943,24
7864,3917,3947,30
7866,3923,3943,20
7868,3847,4021,174
7870,3923,3947,24
7872,3929,3943,14
7874,3931,3943,12
7876,3929,3947,18
7878,3931,3947,16
7880,3877,4003,126
7882,3881,4001,120
7884,3917,3967,50
7886,3919,3967,48
7888,3881,4007,126
7890,3943,3947,4
7892,3889,4003,114
7894,3881,4013,132
7896,3929,3967,38
7898,3931,3967,36
7900,3911,3989,78
7902,3889,4013,124
7904,3877,4027,150
7906,3917,3989,72
7908,3919,3989,70
7910,3943,3967,24
7912,3923,3989,66
7914,3947,3967,20
7916,3889,4027,138
7918,3929,3989,60
7920,3931,3989,58
7922,3919,4003,84
7924,3923,4001,78
7926,3923,4003,80
7928,3907,4021,114
7930,3929,4001,72
7932,3943,3989,46
7934,3931,4003,72
7936,3947,3989,42
7938,3931,4007,76
7940,3919,4021,102
7942,3929,4013,84
7944,3943,4001,58
7946,3943,4003,60
7948,3947,4001,54
7950,3947,4003,56
7952,3931,4021,90
7954,3947,4007,60
7956,3967,3989,22
7958,3931,4027,96
7960,3947,4013,66
7962,3943,4019,76
7964,3943,4021,78
7966,3947,4019,72
7968,3967,4001,34
7970,3967,4003,36
7972,3923,4049,126
7974,3967,4007,40
7976,3919,4057,138
7978,3929,4049,120
7980,3967,4013,46
7982,3931,4051,120
7984,3911,4073,162
7986,3967,4019,52
7988,3967,4021,54
7990,3989,4001,12
7992,3989,4003,14
7994,3967,4027,60
7996,3989,4007,18
7998,3947,4051,104
8000,3943,4057,114
8002,3989,4013,24
8004,4001,4003,2
8006,3907,4099,192
8008,4001,4007,6
8010,4003,4007,4
8012,3919,4093,174
8014,4001,4013,12
8016,4003,4013,10
8018,3967,4051,84
8020,4007,4013,6
8022,4003,4019,16
8024,4003,4021,18
8026,4007,4019,12
8028,4007,4021,14
8030,4003,4027,24
8032,4013,4019,6
8034,4013,4021,8
8036,3943,4093,150
8038,3989,4049,60
8040,4019,4021,2
8042,3943,4099,156
8044,3917,4127,210
8046,4019,4027,8
8048,4021,4027,6
8050,4001,4049,48
8052,4003,4049,46
8054,4003,4051,48
8056,4007,4049,42
8058,4007,4051,44
8060,4003,4057,54
8062,4013,4049,36
8064,4013,4051,38
8066,3967,4099,132
8068,4019,4049,30
8070,4021,4049,28
8072,4021,4051,30
8074,4001,4073,72
8076,4027,4049,22
8078,4027,4051,24
8080,4007,4073,66
8082,4003,4079,76
8084,4027,4057,30
8086,4013,4073,60
8088,3989,4099,110
8090,3931,4159,228
8092,4019,4073,54
8094,4021,4073,52
8096,4003,4093,90
8098,4019,4079,60
8100,4049,4051,2
8102,4003,4099,96
8104,4013,4091,78
8106,4049,4057,8
8108,4051,4057,6
8110,4019,4091,72
8112,4021,4091,70
8114,4021,4093,72
8116,3989,4127,138
8118,4027,4091,64
8120,4027,4093,66
8122,4049,4073,24
8124,4051,4073,22
8126,4027,4099,72
8128,4049,4079,30
8130,4057,4073,16
8132,4021,4111,90
8134,4007,4127,120
8136,4057,4079,22
8138,4027,4111,84
8140,4049,4091,42
8142,4051,4091,40
8144,4051,4093,42
8146,4019,4127,108
8148,4057,4091,34
8150,4057,4093,36
8152,4073,4079,6
8154,4027,4127,100
8156,4057,4099,42
8158,4019,4139,120
8160,4049,4111,62
8162,4051,4111,60
8164,4073,4091,18
8166,4073,4093,20
8168,4057,4111,54
8170,4079,4091,12
8172,4079,4093,14
8174,4021,4153,132
8176,4049,4127,78
8178,4079,4099,20
8180,4051,4129,78
8182,4049,4133,84
8184,4091,4093,2
8186,4057,4129,72
8188,4049,4139,90
8190,4091,4099,8
8192,4093,4099,6
8194,3923,4271,348
8196,4057,4139,82
8198,4021,4177,156
8200,4073,4127,54
8202,4091,4111,20
8204,4093,4111,18
8206,4079,4127,48
8208,4079,4129,50
8210,4099,4111,12
8212,4079,4133,54
8214,4057,4157,100
8216,4057,4159,102
8218,4091,4127,36
8220,4093,4127,34
8222,4093,4129,36
8224,4091,4133,42
8226,4099,4127,28
8228,4099,4129,30
8230,4091,4139,48
8232,4099,4133,34
8234,4057,4177,120
8236,4079,4157,78
8238,4111,4127,16
8240,4111,4129,18
8242,4013,4229,216
8244,4111,4133,22
8246,4093,4153,60
8248,4091,4157,66
8250,4111,4139,28
8252,4099,4153,54
8254,4013,4241,228
8256,4127,4129,2
8258,4099,4159,60
8260,4127,4133,6
8262,4129,4133,4
8264,4111,4153,42
8266,4127,4139,12
8268,4129,4139,10
8270,4111,4159,48
8272,4133,4139,6
8274,4073,4201,128
8276,4099,4177,78
8278,4049,4229,180
8280,4127,4153,26
8282,4129,4153,24
8284,4127,4157,30
8286,4133,4153,20
8288,4129,4159,30
8290,4133,4157,24
8292,4139,4153,14
8294,4093,4201,108
8296,4139,4157,18
8298,4139,4159,20
8300,4099,4201,102
8302,4091,4211,120
8304,4127,4177,50
8306,4129,4177,48
8308,4091,4217,126
8310,4153,4157,4
8312,4153,4159,6
8314,4073,4241,168
8316,4157,4159,2
8318,4099,4219,120
8320,4091,4229,138
8322,4111,4211,100
8324,4093,4231,138
8326,4073,4253,180
8328,4127,4201,74
8330,4153,4177,24
8332,4091,4241,150
8334,4157,4177,20
8336,4159,4177,18
8338,4127,4211,84
8340,4139,4201,62
8342,4111,4231,120
8344,4133,4211,78
8346,4129,4217,88
8348,4129,4219,90
8350,4139,4211,72
8352,4133,4219,86
8354,4153,4201,48
8356,4139,4217,78
8358,4157,4201,44
8360,4159,4201,42
8362,4133,4229,96
8364,4153,4211,58
8366,4093,4273,180
8368,4157,4211,54
8370,4159,4211,52
8372,4153,4219,66
8374,4157,4217,60
8376,4159,4217,58
8378,4177,4201,24
8380,4139,4241,102
8382,4153,4229,76
8384,4153,4231,78
8386,4157,4229,72
8388,4177,4211,34
8390,4159,4231,72
8392,4139,4253,114
8394,4177,4217,40
8396,4177,4219,42
8398,4157,4241,84
8400,4159,4241,82
8402,4159,4243,84
8404,4133,4271,138
8406,4177,4229,52
8408,4177,4231,54
8410,4157,4253,96
8412,4201,4211,10
8414,4153,4261,108
8416,4157,4259,102
8418,4201,4217,16
8420,4201,4219,18
8422,4139,4283,144
8424,4153,4271,118
8426,4153,4273,120
8428,4211,4217,6
8430,4211,4219,8
8432,4201,4231,30
8434,4013,4421,408
8436,4217,4219,2
8438,4177,4261,84
8440,4211,4229,18
8442,4211,4231,20
8444,4201,4243,42
8446,4217,4229,12
8448,4219,4229,10
8450,4219,4231,12
8452,4211,4241,30
8454,4211,4243,32
8456,4159,4297,138
8458,4217,4241,24
8460,4229,4231,2
8462,4219,4243,24
8464,4211,4253,42
8466,4177,4289,112
8468,4129,4339,210
8470,4229,4241,12
8472,4231,4241,10
8474,4231,4243,12
8476,4217,4259,42
8478,4219,4259,40
8480,4219,4261,42
8482,4229,4253,24
8484,4241,4243,2
8486,4159,4327,168
8488,4229,4259,30
8490,4231,4259,28
8492,4231,4261,30
8494,4241,4253,12
8496,4243,4253,10
8498,4201,4297,96
8500,4241,4259,18
8502,4243,4259,16
8504,4243,4261,18
8506,4217,4289,72
8508,4219,4289,70
8510,4153,4357,204
8512,4253,4259,6
8514,4253,4261,8
8516,4243,4273,30
8518,4229,4289,60
8520,4259,4261,2
8522,4159,4363,204
8524,4253,4271,18
8526,4253,4273,20
8528,4231,4297,66
8530,4259,4271,12
8532,4261,4271,10
8534,4261,4273,12
8536,4253,4283,30
8538,4241,4297,56
8540,4243,4297,54
8542,4259,4283,24
8544,4271,4273,2
8546,4219,4327,108
8548,4259,4289,30
8550,4261,4289,28
8552,4129,4423,294
8554,4271,4283,12
8556,4273,4283,10
8558,4261,4297,36
8560,4271,4289,18
8562,4273,4289,16
8564,4201,4363,162
8566,4229,4337,108
8568,4271,4297,26
8570,4273,4297,24
8572,4283,4289,6
8574,4217,4357,140
8576,4219,4357,138
8578,4241,4337,96
8580,4283,4297,14
8582,4243,4339,96
8584,4211,4373,162
8586,4289,4297,8
8588,4261,4327,66
8590,4253,4337,84
8592,4253,4339,86
8594,4231,4363,132
8596,4259,4337,78
8598,4271,4327,56
8600,4273,4327,54
8602,4253,4349,96
8604,4241,4363,122
8606,4243,4363,120
8608,4271,4337,66
8610,4283,4327,44
8612,4273,4339,66
8614,4241,4373,132
8616,4289,4327,38
8618,4261,4357,96
8620,4283,4337,54
8622,4283,4339,56
8624,4297,4327,30
8626,4289,4337,48
8628,4289,4339,50
8630,4273,4357,84
8632,4283,4349,66
8634,4297,4337,40
8636,4297,4339,42
8638,4289,4349,60
8640,4283,4357,74
8642,4219,4423,204
8644,4271,4373,102
8646,4297,4349,52
8648,4201,4447,246
8650,4259,4391,132
8652,4289,4363,74
8654,4297,4357,60
8656,4283,4373,90
8658,4261,4397,136
8660,4297,4363,66
8662,4289,4373,84
8664,4327,4337,10
8666,4327,4339,12
8668,4271,4397,126
8670,4297,4373,76
8672,4231,4441,210
8674,4283,4391,108
8676,4337,4339,2
8678,4231,4447,216
8680,4289,4391,102
8682,4273,4409,136
8684,4327,4357,30
8686,4337,4349,12
8688,4339,4349,10
8690,4327,4363,36
8692,4283,4409,126
8694,4337,4357,20
8696,4339,4357,18
8698,4289,4409,120
8700,4337,4363,26
8702,4339,4363,24
8704,4283,4421,138
8706,4349,4357,8
8708,4261,4447,186
8710,4337,4373,36
8712,4349,4363,14
8714,4273,4441,168
8716,4259,4457,198
8718,4327,4391,64
8720,4357,4363,6
8722,4349,4373,24
8724,4327,4397,70
8726,4243,4483,240
8728,4337,4391,54
8730,4357,4373,16
8732,4219,4513,294
8734,4337,4397,60
8736,4363,4373,10
8738,4297,4441,144
8740,4349,4391,42
8742,4261,4481,220
8744,4297,4447,150
8746,4349,4397,48
8748,4357,4391,34
8750,4327,4423,96
8752,4289,4463,174
8754,4363,4391,28
8756,4273,4483,210
8758,4349,4409,60
8760,4363,4397,34
8762,4339,4423,84
8764,4373,4391,18
8766,4357,4409,52
8768,4327,4441,114
8770,4373,4397,24
8772,4363,4409,46
8774,4327,4447,120
8776,4283,4493,210
8778,4357,4421,64
8780,4357,4423,66
8782,4373,4409,36
8784,4363,4421,58
8786,4363,4423,60
8788,4391,4397,6
8790,4349,4441,92
8792,4273,4519,246
8794,4373,4421,48
8796,4373,4423,50
8798,4357,4441,84
8800,4391,4409,18
8802,4339,4463,124
8804,4363,4441,78
8806,4397,4409,12
8808,4357,4451,94
8810,4363,4447,84
8812,4391,4421,30
8814,4391,4423,32
8816,4297,4519,222
8818,4397,4421,24
8820,4397,4423,26
8822,4339,4483,144
8824,4373,4451,78
8826,4363,4463,100
8828,4261,4567,306
8830,4409,4421,12
8832,4409,4423,14
8834,4327,4507,180
8836,4373,4463,90
8838,4397,4441,44
8840,4357,4483,126
8842,4391,4451,60
8844,4421,4423,2
8846,4363,4483,120
8848,4397,4451,54
8850,4409,4441,32
8852,4339,4513,174
8854,4397,4457,60
8856,4409,4447,38
8858,4339,4519,180
8860,4409,4451,42
8862,4421,4441,20
8864,4423,4441,18
8866,4409,4457,48
8868,4421,4447,26
8870,4423,4447,24
8872,4421,4451,30
8874,4423,4451,28
8876,4363,4513,150
8878,4421,4457,36
8880,4423,4457,34
8882,4363,4519,156
8884,4421,4463,42
8886,4423,4463,40
8888,4441,4447,6
8890,4409,4481,72
8892,4441,4451,10
8894,4327,4567,240
8896,4373,4523,150
8898,4447,4451,4
8900,4339,4561,222
8902,4421,4481,60
8904,4447,4457,10
8906,4423,4483,60
8908,4451,4457,6
8910,4447,4463,16
8912,4363,4549,186
8914,4451,4463,12
8916,4423,4493,70
8918,4357,4561,204
8920,4457,4463,6
8922,4441,4481,40
8924,4441,4483,42
8926,4409,4517,108
8928,4447,4481,34
8930,4447,4483,36
8932,4451,4481,30
8934,4451,4483,32
8936,4423,4513,90
8938,4457,4481,24
8940,4457,4483,26
8942,4423,4519,96
8944,4463,4481,18
8946,4463,4483,20
8948,4441,4507,66
8950,4457,4493,36
8952,4391,4561,170
8954,4447,4507,60
8956,4463,4493,30
8958,4451,4507,56
8960,4447,4513,66
8962,4289,4673,384
8964,4481,4483,2
8966,4447,4519,72
8968,4451,4517,66
8970,4463,4507,44
8972,4423,4549,126
8974,4481,4493,12
8976,4483,4493,10
8978,4357,4621,264
8980,4463,4517,54
8982,4463,4519,56
8984,4423,4561,138
8986,4463,4523,60
8988,4481,4507,26
8990,4483,4507,24
8992,4409,4583,174
8994,4481,4513,32
8996,4483,4513,30
8998,4481,4517,36
9000,4493,4507,14
9002,4483,4519,36
9004,4481,4523,42
9006,4493,4513,20
9008,4447,4561,114
9010,4493,4517,24
9012,4493,4519,26
9014,4447,4567,120
9016,4493,4523,30
9018,4457,4561,104
9020,4507,4513,6
9022,4373,4649,276
9024,4507,4517,10
9026,4507,4519,12
9028,4481,4547,66
9030,4513,4517,4
9032,4513,4519,6
9034,4451,4583,132
9036,4517,4519,2
9038,4447,4591,144
9040,4517,4523,6
9042,4519,4523,4
9044,4483,4561,78
9046,4463,4583,120
9048,4481,4567,86
9050,4483,4567,84
9052,4409,4643,234
9054,4507,4547,40
9056,4507,4549,42
9058,4421,4637,216
9060,4513,4547,34
9062,4513,4549,36
9064,4517,4547,30
9066,4519,4547,28
9068,4519,4549,30
9070,4523,4547,24
9072,4523,4549,26
9074,4513,4561,48
9076,4493,4583,90
9078,4517,4561,44
9080,4519,4561,42
9082,4409,4673,264
9084,4523,4561,38
9086,4519,4567,48
9088,4451,4637,186
9090,4523,4567,44
9092,4441,4651,210
9094,4457,4637,180
9096,4547,4549,2
9098,4507,4591,84
9100,4517,4583,66
9102,4519,4583,64
9104,4513,4591,78
9106,4523,4583,60
9108,4547,4561,14
9110,4549,4561,12
9112,4463,4649,186
9114,4547,4567,20
9116,4549,4567,18
9118,4481,4637,156
9120,4523,4597,74
9122,4519,4603,84
9124,4481,4643,162
9126,4523,4603,80
9128,4561,4567,6
9130,4547,4583,36
9132,4549,4583,34
9134,4513,4621,108
9136,4493,4643,150
9138,4547,4591,44
9140,4549,4591,42
9142,4493,4649,156
9144,4561,4583,22
9146,4549,4597,48
9148,4457,4691,234
9150,4567,4583,16
9152,4561,4591,30
9154,4517,4637,120
9156,4519,4637,118
9158,4567,4591,24
9160,4523,4637,114
9162,4523,4639,116
9164,4567,4597,30
9166,4523,4643,120
9168,4547,4621,74
9170,4567,4603,36
9172,4523,4649,126
9174,4583,4591,8
9176,4519,4657,138
9178,4457,4721,264
9180,4583,4597,14
9182,4561,4621,60
9184,4547,4637,90
9186,4583,4603,20
9188,4591,4597,6
9190,4547,4643,96
9192,4549,4643,94
9194,4591,4603,12
9196,4547,4649,102
9198,4561,4637,76
9200,4597,4603,6
9202,4523,4679,156
9204,4583,4621,38
9206,4567,4639,72
9208,4517,4691,174
9210,4567,4643,76
9212,4591,4621,30
9214,4523,4691,168
9216,4567,4649,82
9218,4597,4621,24
9220,4583,4637,54
9222,4583,4639,56
9224,4603,4621,18
9226,4583,4643,60
9228,4591,4637,46
9230,4591,4639,48
9232,4583,4649,66
9234,4597,4637,40
9236,4597,4639,42
9238,4547,4691,144
9240,4603,4637,34
9242,4603,4639,36
9244,4523,4721,198
9246,4603,4643,40
9248,4597,4651,54
9250,4547,4703,156
9252,4603,4649,46
9254,4603,4651,48
9256,4583,4673,90
9258,4621,4637,16
9260,4621,4639,18
9262,4583,4679,96
9264,4621,4643,22
9266,4603,4663,60
9268,4547,4721,174
9270,4621,4649,28
9272,4621,4651,30
9274,4583,4691,108
9276,4637,4639,2
9278,4621,4657,36
9280,4637,4643,6
9282,4639,4643,4
9284,4621,4663,42
9286,4637,4649,12
9288,4639,4649,10
9290,4639,4651,12
9292,4643,4649,6
9294,4643,4651,8
9296,4639,4657,18
9298,4547,4751,204
9300,4649,4651,2
9302,4639,4663,24
9304,4583,4721,138
9306,4649,4657,8
9308,4651,4657,6
9310,4637,4673,36
9312,4649,4663,14
9314,4651,4663,12
9316,4643,4673,30
9318,4639,4679,40
9320,4657,4663,6
9322,4649,4673,24
9324,4651,4673,22
9326,4603,4723,120
9328,4649,4679,30
9330,4657,4673,16
9332,4603,4729,126
9334,4643,4691,48
9336,4663,4673,10
9338,4549,4789,240
9340,4649,4691,42
9342,4663,4679,16
9344,4621,4723,102
9346,4643,4703,60
9348,4657,4691,34
9350,4621,4729,108
9352,4673,4679,6
9354,4663,4691,28
9356,4597,4759,162
9358,4637,4721,84
9360,4657,4703,46
9362,4639,4723,84
9364,4673,4691,18
9366,4663,4703,40
9368,4639,4729,90
9370,4679,4691,12
9372,4651,4721,70
9374,4651,4723,72
9376,4673,4703,30
9378,4657,4721,64
9380,4657,4723,66
9382,4679,4703,24
9384,4663,4721,58
9386,4663,4723,60
9388,4637,4751,114
9390,4657,4733,76
9392,4663,4729,66
9394,4691,4703,12
9396,4673,4723,50
9398,4639,4759,120
9400,4679,4721,42
9402,4679,4723,44
9404,4621,4783,162
9406,4673,4733,60
9408,4679,4729,50
9410,4651,4759,108
9412,4691,4721,30
9414,4691,4723,32
9416,4657,4759,102
9418,4547,4871,324
9420,4691,4729,38
9422,4663,4759,96
9424,4703,4721,18
9426,4703,4723,20
9428,4639,4789,150
9430,4679,4751,72
9432,4703,4729,26
9434,4651,4783,132
9436,4703,4733,30
9438,4679,4759,80
9440,4657,4783,126
9442,4691,4751,60
9444,4721,4723,2
9446,4663,4783,120
9448,4649,4799,150
9450,4721,4729,8
9452,4723,4729,6
9454,4721,4733,12
9456,4723,4733,10
9458,4657,4801,144
9460,4673,4787,114
9462,4729,4733,4
9464,4663,4801,138
9466,4679,4787,108
9468,4679,4789,110
9470,4657,4813,156
9472,4721,4751,30
9474,4723,4751,28
9476,4663,4813,150
9478,4691,4787,96
9480,4729,4751,22
9482,4723,4759,36
9484,4733,4751,18
9486,4703,4783,80
9488,4729,4759,30
9490,4703,4787,84
9492,4733,4759,26
9494,4663,4831,168
9496,4703,4793,90
9498,4637,4861,224
9500,4639,4861,222
9502,4703,4799,96
9504,4721,4783,62
9506,4723,4783,60
9508,4721,4787,66
9510,4751,4759,8
9512,4729,4783,54
9514,4721,4793,72
9516,4733,4783,50
9518,4729,4789,60
9520,4733,4787,54
9522,4733,4789,56
9524,4723,4801,78
9526,4733,4793,60
9528,4729,4799,70
9530,4729,4801,72
9532,4733,4799,66
9534,4751,4783,32
9536,4723,4813,90
9538,4751,4787,36
9540,4751,4789,38
9542,4759,4783,24
9544,4751,4793,42
9546,4759,4787,28
9548,4759,4789,30
9550,4751,4799,48
9552,4759,4793,34
9554,4723,4831,108
9556,4679,4877,198
9558,4759,4799,40
9560,4759,4801,42
9562,4691,4871,180
9564,4751,4813,62
9566,4663,4903,240
9568,4751,4817,66
9570,4783,4787,4
9572,4783,4789,6
9574,4703,4871,168
9576,4787,4789,2
9578,4621,4957,336
9580,4787,4793,6
9582,4789,4793,4
9584,4783,4801,18
9586,4787,4799,12
9588,4789,4799,10
9590,4789,4801,12
9592,4793,4799,6
9594,4793,4801,8
9596,4783,4813,30
9598,4721,4877,156
9600,4799,4801,2
9602,4789,4813,24
9604,4787,4817,30
9606,4793,4813,20
9608,4657,4951,294
9610,4793,4817,24
9612,4799,4813,14
9614,4801,4813,12
9616,4799,4817,18
9618,4801,4817,16
9620,4789,4831,42
9622,4751,4871,120
9624,4793,4831,38
9626,4723,4903,180
9628,4751,4877,126
9630,4813,4817,4
9632,4801,4831,30
9634,4703,4931,228
9636,4759,4877,118
9638,4729,4909,180
9640,4751,4889,138
9642,4733,4909,176
9644,4813,4831,18
9646,4703,4943,240
9648,4817,4831,14
9650,4789,4861,72
9652,4733,4919,186
9654,4793,4861,68
9656,4723,4933,210
9658,4787,4871,84
9660,4799,4861,62
9662,4801,4861,60
9664,4793,4871,78
9666,4789,4877,88
9668,4759,4909,150
9670,4799,4871,72
9672,4801,4871,70
9674,4813,4861,48
9676,4799,4877,78
9678,4817,4861,44
9680,4729,4951,222
9682,4793,4889,96
9684,4813,4871,58
9686,4783,4903,120
9688,4817,4871,54
9690,4813,4877,64
9692,4831,4861,30
9694,4817,4877,60
9696,4793,4903,110
9698,4789,4909,120
9700,4733,4967,234
9702,4831,4871,40
9704,4801,4903,102
9706,4817,4889,72
9708,4831,4877,46
9710,4801,4909,108
9712,4793,4919,126
9714,4783,4931,148
9716,4813,4903,90
9718,4799,4919,120
9720,4831,4889,58
9722,4813,4909,96
9724,4793,4931,138
9726,4817,4909,92
9728,4759,4969,210
9730,4799,4931,132
9732,4861,4871,10
9734,4831,4903,72
9736,4817,4919,102
9738,4861,4877,16
9740,4831,4909,78
9742,4799,4943,144
9744,4813,4931,118
9746,4813,4933,120
9748,4871,4877,6
9750,4861,4889,28
9752,4801,4951,150
9754,4817,4937,120
9756,4813,4943,130
9758,4801,4957,156
9760,4871,4889,18
9762,4831,4931,100
9764,4861,4903,42
9766,4877,4889,12
9768,4831,4937,106
9770,4861,4909,48
9772,4799,4973,174
9774,4871,4903,32
9776,4789,4987,198
9778,4691,5087,396
9780,4877,4903,26
9782,4831,4951,120
9784,4817,4967,150
9786,4877,4909,32
9788,4831,4957,126
9790,4871,4919,48
9792,4889,4903,14
9794,4861,4933,72
9796,4877,4919,42
9798,4889,4909,20
9800,4831,4969,138
9802,4871,4931,60
9804,4871,4933,62
9806,4813,4993,180
9808,4889,4919,30
9810,4877,4933,56
9812,4903,4909,6
9814,4877,4937,60
9816,4817,4999,182
9818,4861,4957,96
9820,4889,4931,42
9822,4903,4919,16
9824,4831,4993,162
9826,4889,4937,48
9828,4909,4919,10
9830,4861,4969,108
9832,4889,4943,54
9834,4903,4931,28
9836,4903,4933,30
9838,4871,4967,96
9840,4909,4931,22
9842,4909,4933,24
9844,4877,4967,90
9846,4909,4937,28
9848,4861,4987,126
9850,4919,4931,12
9852,4919,4933,14
9854,4903,4951,48
9856,4919,4937,18
9858,4889,4969,80
9860,4909,4951,42
9862,4919,4943,24
9864,4931,4933,2
9866,4909,4957,48
9868,4931,4937,6
9870,4933,4937,4
9872,4903,4969,66
9874,4931,4943,12
9876,4933,4943,10
9878,4909,4969,60
9880,4937,4943,6
9882,4931,4951,20
9884,4933,4951,18
9886,4919,4967,48
9888,4937,4951,14
9890,4933,4957,24
9892,4919,4973,54
9894,4943,4951,8
9896,4909,4987,78
9898,4931,4967,36
9900,4943,4957,14
9902,4933,4969,36
9904,4937,4967,30
9906,4937,4969,32
9908,4951,4957,6
9910,4943,4967,24
9912,4943,4969,26
9914,4903,5011,108
9916,4943,4973,30
9918,4951,4967,16
9920,4951,4969,18
9922,4919,5003,84
9924,4957,4967,10
9926,4957,4969,12
9928,4919,5009,90
9930,4957,4973,16
9932,4933,4999,66
9934,4931,5003,72
9936,4967,4969,2
9938,4951,4987,36
9940,4967,4973,6
9942,4969,4973,4
9944,4957,4987,30
9946,4943,5003,60
9948,4937,5011,74
9950,4957,4993,36
9952,4943,5009,66
9954,4967,4987,20
9956,4969,4987,18
9958,4937,5021,84
9960,4973,4987,14
9962,4969,4993,24
9964,4943,5021,78
9966,4973,4993,20
9968,4969,4999,30
9970,4967,5003,36
9972,4973,4999,26
9974,4951,5023,72
9976,4973,5003,30
9978,4969,5009,40
9980,4987,4993,6
9982,4973,5009,36
9984,4973,5011,38
9986,4987,4999,12
9988,4967,5021,54
9990,4987,5003,16
9992,4993,4999,6
9994,4973,5021,48
9996,4993,5003,10
9998,4987,5011,24
10000,4919,5081,162
10002,4999,5003,4
10004,4993,5011,18
10006,4967,5039,72
10008,4999,5009,10
10010,4999,5011,12
10012,5003,5009,6
10014,5003,5011,8
10016,4993,5023,30
10018,4967,5051,84
10020,5009,5011,2
10022,4999,5023,24
10024,5003,5021,18
10026,5003,5023,20
10028,4969,5059,90
10030,5009,5021,12
10032,5011,5021,10
10034,5011,5023,12
10036,4937,5099,162
10038,4999,5039,40
10040,4933,5107,174
10042,5003,5039,36
10044,5021,5023,2
10046,4987,5059,72
10048,5009,5039,30
10050,5011,5039,28
10052,4993,5059,66
10054,5003,5051,48
10056,4969,5087,118
10058,4999,5059,60
10060,5021,5039,18
10062,5023,5039,16
10064,4987,5077,90
10066,4967,5099,132
10068,5009,5059,50
10070,5011,5059,48
10072,5021,5051,30
10074,5023,5051,28
10076,4999,5077,78
10078,4931,5147,216
10080,5021,5059,38
10082,5023,5059,36
10084,5003,5081,78
10086,5009,5077,68
10088,5011,5077,66
10090,5039,5051,12
10092,5011,5081,70
10094,4993,5101,108
10096,5009,5087,78
10098,5039,5059,20
10100,5023,5077,54
10102,5021,5081,60
10104,5023,5081,58
10106,4999,5107,108
10108,5021,5087,66
10110,5051,5059,8
10112,5011,5101,90
10114,4967,5147,180
10116,5039,5077,38
10118,5011,5107,96
10120,5039,5081,42
10122,5023,5099,76
10124,5023,5101,78
10126,5039,5087,48
10128,5051,5077,26
10130,5023,5107,84
10132,5051,5081,30
10134,5021,5113,92
10136,5059,5077,18
10138,5051,5087,36
10140,5059,5081,22
10142,5023,5119,96
10144,4973,5171,198
10146,5059,5087,28
10148,4969,5179,210
10150,5051,5099,48
10152,5051,5101,50
10154,4987,5167,180
10156,5009,5147,138
10158,5077,5081,4
10160,5059,5101,42
10162,5009,5153,144
10164,5077,5087,10
10166,5059,5107,48
10168,5081,5087,6
10170,5051,5119,68
10172,5059,5113,54
10174,5021,5153,132
10176,5077,5099,22
10178,5077,5101,24
10180,5081,5099,18
10182,5081,5101,20
10184,5077,5107,30
10186,5087,5099,12
10188,5087,5101,14
10190,5077,5113,36
10192,5039,5153,114
10194,5087,5107,20
10196,5077,5119,42
10198,5051,5147,96
10200,5099,5101,2
10202,5023,5179,156
10204,5051,5153,102
10206,5099,5107,8
10208,5101,5107,6
10210,5039,5171,132
10212,5099,5113,14
10214,5101,5113,12
10216,4943,5273,330
10218,5099,5119,20
10220,5107,5113,6
10222,5051,5171,120
10224,5077,5147,70
10226,5107,5119,12
10228,5081,5147,66
10230,5077,5153,76
10232,5113,5119,6
10234,5087,5147,60
10236,5039,5197,158
10238,5059,5179,120
10240,5087,5153,66
10242,5011,5231,220
10244,5077,5167,90
10246,5099,5147,48
10248,5101,5147,46
10250,5023,5227,204
10252,5099,5153,54
10254,5107,5147,40
10256,5077,5179,102
10258,5087,5171,84
10260,5113,5147,34
10262,4831,5431,600
10264,5003,5261,258
10266,5119,5147,28
10268,5101,5167,66
10270,5099,5171,72
10272,5119,5153,34
10274,5107,5167,60
10276,5087,5189,102
10278,5107,5171,64
10280,5113,5167,54
10282,5051,5231,180
10284,5113,5171,58
10286,5119,5167,48
10288,5099,5189,90
10290,5119,5171,52
10292,5113,5179,66
10294,5021,5273,252
10296,5107,5189,82
10298,5119,5179,60
10300,5147,5153,6
10302,5113,5189,76
10304,5107,5197,90
10306,5009,5297,288
10308,5119,5189,70
10310,5113,5197,84
10312,5081,5231,150
10314,5147,5167,20
10316,5119,5197,78
10318,5147,5171,24
10320,5153,5167,14
10322,5113,5209,96
10324,5153,5171,18
10326,5147,5179,32
10328,5119,5209,90
10330,5099,5231,132
10332,5153,5179,26
10334,5107,5227,120
10336,5147,5189,42
10338,5167,5171,4
10340,5113,5227,114
10342,5153,5189,36
10344,5147,5197,50
10346,5167,5179,12
10348,5087,5261,174
10350,5171,5179,8
10352,5119,5233,114
10354,5081,5273,192
10356,5167,5189,22
10358,5077,5281,204
10360,5171,5189,18
10362,5153,5209,56
10364,5167,5197,30
10366,5087,5279,192
10368,5179,5189,10
10370,5023,5347,324
10372,5099,5273,174
10374,5147,5227,80
10376,5179,5197,18
10378,5147,5231,84
10380,5171,5209,38
10382,5101,5281,180
10384,5153,5231,78
10386,5189,5197,8
10388,5179,5209,30
10390,5153,5237,84
10392,5119,5273,154
10394,5167,5227,60
10396,5099,5297,198
10398,5189,5209,20
10400,5167,5233,66
10402,5171,5231,60
10404,5171,5233,62
10406,5197,5209,12
10408,5171,5237,66
10410,5179,5231,52
10412,5179,5233,54
10414,5153,5261,108
10416,5189,5227,38
10418,5011,5407,396
10420,5189,5231,42
10422,5189,5233,44
10424,5197,5227,30
10426,5189,5237,48
10428,5197,5231,34
10430,5197,5233,36
10432,5171,5261,90
10434,5197,5237,40
10436,5209,5227,18
10438,5087,5351,264
10440,5209,5231,22
10442,5209,5233,24
10444,5171,5273,102
10446,5209,5237,28
10448,5167,5281,114
10450,5189,5261,72
10452,5179,5273,94
10454,5107,5347,240
10456,5153,5303,150
10458,5227,5231,4
10460,5227,5233,6
10462,5189,5273,84
10464,5231,5233,2
10466,5119,5347,228
10468,5231,5237,6
10470,5233,5237,4
10472,5059,5413,354
10474,5171,5303,132
10476,5197,5279,82
10478,5197,5281,84
10480,5171,5309,138
10482,5209,5273,64
10484,5077,5407,330
10486,5189,5297,108
10488,5227,5261,34
10490,5209,5281,72
10492,5231,5261,30
10494,5233,5261,28
10496,5077,5419,342
10498,5237,5261,24
10500,5227,5273,46
10502,5179,5323,144
10504,5231,5273,42
10506,5233,5273,40
10508,5227,5281,54
10510,5237,5273,36
10512,5233,5279,46
10514,5233,5281,48
10516,5237,5279,42
10518,5237,5281,44
10520,5197,5323,126
10522,5189,5333,144
10524,5227,5297,70
10526,5179,5347,168
10528,5231,5297,66
10530,5233,5297,64
10532,5209,5323,114
10534,5261,5273,12
10536,5233,5303,70
10538,5119,5419,300
10540,5261,5279,18
10542,5261,5281,20
10544,5197,5347,150
10546,5237,5309,72
10548,5197,5351,154
10550,5227,5323,96
10552,5273,5279,6
10554,5273,5281,8
10556,5233,5323,90
10558,5261,5297,36
10560,5279,5281,2
10562,5119,5443,324
10564,5261,5303,42
10566,5233,5333,100
10568,5119,5449,330
10570,5273,5297,24
10572,5179,5393,214
10574,5227,5347,120
10576,5279,5297,18
10578,5281,5297,16
10580,5233,5347,114
10582,5279,5303,24
10584,5281,5303,22
10586,5179,5407,228
10588,5279,5309,30
10590,5281,5309,28
10592,5179,5413,234
10594,5261,5333,72
10596,5273,5323,50
10598,5179,5419,240
10600,5297,5303,6
10602,5279,5323,44
10604,5281,5323,42
10606,5297,5309,12
10608,5261,5347,86
10610,5197,5413,216
10612,5303,5309,6
10614,5281,5333,52
10616,5209,5407,198
10618,5237,5381,144
10620,5297,5323,26
10622,5209,5413,204
10624,5273,5351,78
10626,5303,5323,20
10628,5281,5347,66
10630,5297,5333,36
10632,5309,5323,14
10634,5227,5407,180
10636,5303,5333,30
10638,5231,5407,176
10640,5233,5407,174
10642,5309,5333,24
10644,5297,5347,50
10646,5233,5413,180
10648,5297,5351,54
10650,5303,5347,44
10652,5233,5419,186
10654,5303,5351,48
10656,5323,5333,10
10658,5227,5431,204
10660,5309,5351,42
10662,5281,5381,100
10664,5233,5431,198
10666,5279,5387,108
10668,5281,5387,106
10670,5323,5347,24
10672,5279,5393,114
10674,5323,5351,28
10676,5233,5443,210
10678,5297,5381,84
10680,5333,5347,14
10682,5233,5449,216
10684,5333,5351,18
10686,5279,5407,128
10688,5281,5407,126
10690,5309,5381,72
10692,5279,5413,134
10694,5281,5413,132
10696,5309,5387,78
10698,5347,5351,4
10700,5281,5419,138
10702,5309,5393,84
10704,5323,5381,58
10706,5227,5479,252
10708,5309,5399,90
10710,5323,5387,64
10712,5281,5431,150
10714,5333,5381,48
10716,5323,5393,70
10718,5281,5437,156
10720,5333,5387,54
10722,5323,5399,76
10724,5281,5443,162
10726,5333,5393,60
10728,5347,5381,34
10730,5323,5407,84
10732,5351,5381,30
10734,5347,5387,40
10736,5323,5413,90
10738,5351,5387,36
10740,5347,5393,46
10742,5323,5419,96
10744,5351,5393,42
10746,5347,5399,52
10748,5227,5521,294
10750,5351,5399,48
10752,5333,5419,86
10754,5347,5407,60
10756,5279,5477,198
10758,5351,5407,56
10760,5347,5413,66
10762,5279,5483,204
10764,5351,5413,62
10766,5347,5419,72
10768,5381,5387,6
10770,5351,5419,68
10772,5323,5449,126
10774,5381,5393,12
10776,5333,5443,110
10778,5347,5431,84
10780,5387,5393,6
10782,5351,5431,80
10784,5347,5437,90
10786,5387,5399,12
10788,5381,5407,26
10790,5347,5443,96
10792,5393,5399,6
10794,5387,5407,20
10796,5347,5449,102
10798,5381,5417,36
10800,5393,5407,14
10802,5323,5479,156
10804,5387,5417,30
10806,5399,5407,8
10808,5281,5527,246
10810,5393,5417,24
10812,5399,5413,14
10814,5233,5581,348
10816,5399,5417,18
10818,5399,5419,20
10820,5407,5413,6
10822,5381,5441,60
10824,5407,5417,10
10826,5407,5419,12
10828,5387,5441,54
10830,5413,5417,4
10832,5413,5419,6
10834,5393,5441,48
10836,5417,5419,2
10838,5407,5431,24
10840,5399,5441,42
10842,5399,5443,44
10844,5413,5431,18
10846,5273,5573,300
10848,5417,5431,14
10850,5419,5431,12
10852,5381,5471,90
10854,5417,5437,20
10856,5419,5437,18
10858,5417,5441,24
10860,5419,5441,22
10862,5419,5443,24
10864,5393,5471,78
10866,5417,5449,32
10868,5431,5437,6
10870,5399,5471,72
10872,5431,5441,10
10874,5431,5443,12
10876,5399,5477,78
10878,5437,5441,4
10880,5437,5443,6
10882,5399,5483,84
10884,5441,5443,2
10886,5437,5449,12
10888,5417,5471,54
10890,5441,5449,8
10892,5443,5449,6
10894,5417,5477,60
10896,5419,5477,58
10898,5419,5479,60
10900,5417,5483,66
10902,5431,5471,40
10904,5347,5557,210
10906,5399,5507,108
10908,5437,5471,34
10910,5431,5479,48
10912,5441,5471,30
10914,5443,5471,28
10916,5437,5479,42
10918,5441,5477,36
10920,5449,5471,22
10922,5443,5479,36
10924,5441,5483,42
10926,5449,5477,28
10928,5449,5479,30
10930,5399,5531,132
10932,5449,5483,34
10934,5431,5503,72
10936,5417,5519,102
10938,5437,5501,64
10940,5437,5503,66
10942,5441,5501,60
10944,5443,5501,58
10946,5443,5503,60
10948,5471,5477,6
10950,5471,5479,8
10952,5449,5503,54
10954,5471,5483,12
10956,5477,5479,2
10958,5437,5521,84
10960,5477,5483,6
10962,5479,5483,4
10964,5443,5521,78
10966,5393,5573,180
10968,5449,5519,70
10970,5449,5521,72
10972,5471,5501,30
10974,5471,5503,32
10976,5449,5527,78
10978,5477,5501,24
10980,5479,5501,22
10982,5479,5503,24
10984,5483,5501,18
10986,5483,5503,20
10988,5431,5557,126
10990,5483,5507,24
10992,5471,5521,50
10994,5437,5557,120
10996,5477,5519,42
10998,5479,5519,40
11000,5479,5521,42
11002,5483,5519,36
11004,5501,5503,2
11006,5479,5527,48
11008,5501,5507,6
11010,5503,5507,4
11012,5449,5563,114
11014,5483,5531,48
11016,5443,5573,130
11018,5449,5569,120
11020,5501,5519,18
11022,5503,5519,16
11024,5503,5521,18
11026,5507,5519,12
11028,5507,5521,14
11030,5503,5527,24
11032,5501,5531,30
11034,5507,5527,20
11036,5479,5557,78
11038,5507,5531,24
11040,5519,5521,2
11042,5479,5563,84
11044,5471,5573,102
11046,5519,5527,8
11048,5521,5527,6
11050,5519,5531,12
11052,5521,5531,10
11054,5431,5623,192
11056,5483,5573,90
11058,5527,5531,4
11060,5503,5557,54
11062,5471,5591,120
11064,5507,5557,50
11066,5503,5563,60
11068,5477,5591,114
11070,5507,5563,56
11072,5503,5569,66
11074,5501,5573,72
11076,5519,5557,38
11078,5521,5557,36
11080,5507,5573,66
11082,5519,5563,44
11084,5527,5557,30
11086,5417,5669,252
11088,5531,5557,26
11090,5527,5563,36
11092,5519,5573,54
11094,5531,5563,32
11096,5527,5569,42
11098,5507,5591,84
11100,5531,5569,38
11102,5521,5581,60
11104,5531,5573,42
11106,5483,5623,140
11108,5527,5581,54
11110,5519,5591,72
11112,5531,5581,50
11114,5431,5683,252
11116,5477,5639,162
11118,5527,5591,64
11120,5557,5563,6
11122,5531,5591,60
11124,5501,5623,122
11126,5557,5569,12
11128,5477,5651,174
11130,5557,5573,16
11132,5563,5569,6
11134,5483,5651,168
11136,5563,5573,10
11138,5557,5581,24
11140,5501,5639,138
11142,5569,5573,4
11144,5563,5581,18
11146,5507,5639,132
11148,5557,5591,34
11150,5569,5581,12
11152,5501,5651,150
11154,5573,5581,8
11156,5503,5653,150
11158,5519,5639,120
11160,5569,5591,22
11162,5521,5641,120
11164,5573,5591,18
11166,5527,5639,112
11168,5527,5641,114
11170,5531,5639,108
11172,5581,5591,10
11174,5527,5647,120
11176,5519,5657,138
11178,5531,5647,116
11180,5557,5623,66
11182,5531,5651,120
11184,5531,5653,122
11186,5563,5623,60
11188,5531,5657,126
11190,5531,5659,128
11192,5569,5623,54
11194,5501,5693,192
11196,5573,5623,50
11198,5557,5641,84
11200,5531,5669,138
11202,5563,5639,76
11204,5581,5623,42
11206,5399,5807,408
11208,5569,5639,70
11210,5569,5641,72
11212,5573,5639,66
11214,5591,5623,32
11216,5569,5647,78
11218,5507,5711,204
11220,5581,5639,58
11222,5581,5641,60
11224,5573,5651,78
11226,5573,5653,80
11228,5581,5647,66
11230,5591,5639,48
11232,5591,5641,50
11234,5581,5653,72
11236,5519,5717,198
11238,5591,5647,56
11240,5581,5659,78
11242,5591,5651,60
11244,5591,5653,62
11246,5563,5683,120
11248,5591,5657,66
11250,5591,5659,68
11252,5569,5683,114
11254,5471,5783,312
11256,5573,5683,110
11258,5569,5689,120
11260,5591,5669,78
11262,5623,5639,16
11264,5623,5641,18
11266,5573,5693,120
11268,5557,5711,154
11270,5623,5647,24
11272,5531,5741,210
11274,5623,5651,28
11276,5623,5653,30
11278,5477,5801,324
11280,5639,5641,2
11282,5623,5659,36
11284,5591,5693,102
11286,5639,5647,8
11288,5641,5647,6
11290,5639,5651,12
11292,5641,5651,10
11294,5641,5653,12
11296,5639,5657,18
11298,5647,5651,4
11300,5647,5653,6
11302,5591,5711,120
11304,5651,5653,2
11306,5647,5659,12
11308,5651,5657,6
11310,5653,5657,4
11312,5653,5659,6
11314,5573,5741,168
11316,5657,5659,2
11318,5581,5737,156
11320,5651,5669,18
11322,5653,5669,16
11324,5641,5683,42
11326,5657,5669,12
11328,5659,5669,10
11330,5647,5683,36
11332,5639,5693,54
11334,5651,5683,32
11336,5653,5683,30
11338,5531,5807,276
11340,5657,5683,26
11342,5659,5683,24
11344,5651,5693,42
11346,5657,5689,32
11348,5659,5689,30
11350,5657,5693,36
11352,5669,5683,14
11354,5653,5701,48
11356,5639,5717,78
11358,5669,5689,20
11360,5659,5701,42
11362,5669,5693,24
11364,5653,5711,58
11366,5623,5743,120
11368,5657,5711,54
11370,5669,5701,32
11372,5683,5689,6
11374,5657,5717,60
11376,5683,5693,10
11378,5641,5737,96
11380,5669,5711,42
11382,5689,5693,4
11384,5683,5701,18
11386,5669,5717,48
11388,5651,5737,86
11390,5689,5701,12
11392,5651,5741,90
11394,5693,5701,8
11396,5659,5737,78
11398,5657,5741,84
11400,5689,5711,22
11402,5659,5743,84
11404,5693,5711,18
11406,5689,5717,28
11408,5659,5749,90
11410,5693,5717,24
11412,5701,5711,10
11414,5623,5791,168
11416,5573,5843,270
11418,5701,5717,16
11420,5683,5737,54
11422,5639,5783,144
11424,5683,5741,58
11426,5689,5737,48
11428,5711,5717,6
11430,5693,5737,44
11432,5689,5743,54
11434,5693,5741,48
11436,5693,5743,50
11438,5701,5737,36
11440,5657,5783,126
11442,5701,5741,40
11444,5701,5743,42
11446,5639,5807,168
11448,5711,5737,26
11450,5701,5749,48
11452,5711,5741,30
11454,5717,5737,20
11456,5503,5953,450
11458,5717,5741,24
11460,5717,5743,26
11462,5683,5779,96
11464,5657,5807,150
11466,5717,5749,32
11468,5689,5779,90
11470,5669,5801,132
11472,5693,5779,86
11474,5683,5791,108
11476,5693,5783,90
11478,5737,5741,4
11480,5737,5743,6
11482,5669,5813,144
11484,5741,5743,2
11486,5737,5749,12
11488,5639,5849,210
11490,5741,5749,8
11492,5743,5749,6
11494,5711,5783,72
11496,5717,5779,62
11498,5659,5839,180
11500,5717,5783,66
11502,5711,5791,80
11504,5683,5821,138
11506,5693,5813,120
11508,5717,5791,74
11510,5689,5821,132
11512,5711,5801,90
11514,5701,5813,112
11516,5737,5779,42
11518,5717,5801,84
11520,5741,5779,38
11522,5743,5779,36
11524,5741,5783,42
11526,5743,5783,40
11528,5749,5779,30
11530,5717,5813,96
11532,5749,5783,34
11534,5743,5791,48
11536,5693,5843,150
11538,5737,5801,64
11540,5749,5791,42
11542,5741,5801,60
11544,5743,5801,58
11546,5689,5857,168
11548,5741,5807,66
11550,5749,5801,52
11552,5701,5851,150
11554,5741,5813,72
11556,5749,5807,58
11558,5737,5821,84
11560,5717,5843,126
11562,5779,5783,4
11564,5743,5821,78
11566,5717,5849,132
11568,5741,5827,86
11570,5779,5791,12
11572,5711,5861,150
11574,5783,5791,8
11576,5749,5827,78
11578,5717,5861,144
11580,5779,5801,22
11582,5743,5839,96
11584,5783,5801,18
11586,5779,5807,28
11588,5749,5839,90
11590,5783,5807,24
11592,5791,5801,10
11594,5743,5851,108
11596,5783,5813,30
11598,5791,5807,16
11600,5779,5821,42
11602,5741,5861,120
11604,5791,5813,22
11606,5779,5827,48
11608,5801,5807,6
11610,5783,5827,44
11612,5791,5821,30
11614,5801,5813,12
11616,5749,5867,118
11618,5791,5827,36
11620,5807,5813,6
11622,5801,5821,20
11624,5743,5881,138
11626,5783,5843,60
11628,5807,5821,14
11630,5791,5839,48
11632,5783,5849,66
11634,5813,5821,8
11636,5779,5857,78
11638,5741,5897,156
11640,5813,5827,14
11642,5791,5851,60
11644,5801,5843,42
11646,5807,5839,32
11648,5821,5827,6
11650,5807,5843,36
11652,5813,5839,26
11654,5701,5953,252
11656,5813,5843,30
11658,5807,5851,44
11660,5821,5839,18
11662,5813,5849,36
11664,5821,5843,22
11666,5827,5839,12
11668,5807,5861,54
11670,5827,5843,16
11672,5821,5851,30
11674,5813,5861,48
11676,5827,5849,22
11678,5827,5851,24
11680,5813,5867,54
11682,5839,5843,4
11684,5827,5857,30
11686,5807,5879,72
11688,5839,5849,10
11690,5839,5851,12
11692,5843,5849,6
11694,5843,5851,8
11696,5839,5857,18
11698,5801,5897,96
11700,5849,5851,2
11702,5821,5881,60
11704,5843,5861,18
11706,5849,5857,8
11708,5851,5857,6
11710,5849,5861,12
11712,5851,5861,10
11714,5791,5923,132
11716,5849,5867,18
11718,5857,5861,4
11720,5851,5869,18
11722,5843,5879,36
11724,5857,5867,10
11726,5857,5869,12
11728,5861,5867,6
11730,5861,5869,8
11732,5851,5881,30
11734,5807,5927,120
11736,5867,5869,2
11738,5857,5881,24
11740,5861,5879,18
11742,5861,5881,20
11744,5821,5923,102
11746,5867,5879,12
11748,5869,5879,10
11750,5869,5881,12
11752,5849,5903,54
11754,5857,5897,40
11756,5749,6007,258
11758,5861,5897,36
11760,5879,5881,2
11762,5839,5923,84
11764,5867,5897,30
11766,5869,5897,28
11768,5701,6067,366
11770,5867,5903,36
11772,5869,5903,34
11774,5851,5923,72
11776,5879,5897,18
11778,5881,5897,16
11780,5857,5923,66
11782,5879,5903,24
11784,5881,5903,22
11786,5779,6007,228
11788,5861,5927,66
11790,5867,5923,56
11792,5869,5923,54
11794,5867,5927,60
11796,5869,5927,58
11798,5791,6007,216
11800,5897,5903,6
11802,5879,5923,44
11804,5881,5923,42
11806,5879,5927,48
11808,5881,5927,46
11810,5857,5953,96
11812,5801,6011,210
11814,5861,5953,92
11816,5779,6037,258
11818,5879,5939,60
11820,5897,5923,26
11822,5869,5953,84
11824,5897,5927,30
11826,5903,5923,20
11828,5821,6007,186
11830,5903,5927,24
11832,5879,5953,74
11834,5881,5953,72
11836,5897,5939,42
11838,5857,5981,124
11840,5749,6091,342
11842,5903,5939,36
11844,5857,5987,130
11846,5839,6007,168
11848,5867,5981,114
11850,5923,5927,4
11852,5779,6073,294
11854,5867,5987,120
11856,5903,5953,50
11858,5851,6007,156
11860,5879,5981,102
11862,5923,5939,16
11864,5857,6007,150
11866,5927,5939,12
11868,5881,5987,106
11870,5827,6043,216
11872,5861,6011,150
11874,5867,6007,140
11876,5923,5953,30
11878,5897,5981,84
11880,5927,5953,26
11882,5839,6043,204
11884,5903,5981,78
11886,5879,6007,128
11888,5881,6007,126
11890,5903,5987,84
11892,5939,5953,14
11894,5857,6037,180
11896,5867,6029,162
11898,5869,6029,160
11900,5857,6043,186
11902,5849,6053,204
11904,5923,5981,58
11906,5869,6037,168
11908,5927,5981,54
11910,5923,5987,64
11912,5869,6043,174
11914,5927,5987,60
11916,5879,6037,158
11918,5881,6037,156
11920,5939,5981,42
11922,5879,6043,164
11924,5881,6043,162
11926,5939,5987,48
11928,5881,6047,166
11930,5923,6007,84
11932,5903,6029,126
11934,5953,5981,28
11936,5869,6067,198
11938,5927,6011,84
11940,5953,5987,34
11942,5869,6073,204
11944,5897,6047,150
11946,5939,6007,68
11948,5881,6067,186
11950,5939,6011,72
11952,5923,6029,106
11954,5881,6073,192
11956,5927,6029,102
11958,5879,6079,200
11960,5953,6007,54
11962,5861,6101,240
11964,5953,6011,58
11966,5923,6043,120
11968,5981,5987,6
11970,5927,6043,116
11972,5881,6091,210
11974,5927,6047,120
11976,5939,6037,98
11978,5857,6121,264
11980,5927,6053,126
11982,5953,6029,76
11984,5851,6133,282
11986,5939,6047,108
11988,5981,6007,26
11990,5953,6037,84
11992,5981,6011,30
11994,5987,6007,20
11996,5953,6043,90
11998,5987,6011,24
12000,5953,6047,94
12002,5923,6079,156
12004,5903,6101,198
12006,5953,6053,100
12008,5857,6151,294
12010,5981,6029,48
12012,5939,6073,134
12014,5923,6091,168
12016,5987,6029,42
12018,6007,6011,4
12020,5953,6067,114
12022,5879,6143,264
12024,5987,6037,50
12026,5953,6073,120
12028,5981,6047,66
12030,5987,6043,56
12032,5953,6079,126
12034,5987,6047,60
12036,6007,6029,22
12038,5839,6199,360
12040,6011,6029,18
12042,5953,6089,136
12044,6007,6037,30
12046,5903,6143,240
12048,6011,6037,26
12050,6007,6043,36
12052,5939,6113,174
12054,6011,6043,32
12056,5923,6133,210
12058,6011,6047,36
12060,6007,6053,46
12062,5851,6211,360
12064,6011,6053,42
12066,6029,6037,8
12068,5869,6199,330
12070,5981,6089,108
12072,6029,6043,14
12074,6007,6067,60
12076,6029,6047,18
12078,6011,6067,56
12080,6037,6043,6
12082,6029,6053,24
12084,6037,6047,10
12086,6007,6079,72
12088,5987,6101,114
12090,6043,6047,4
12092,5881,6211,330
12094,5981,6113,132
12096,6043,6053,10
12098,6007,6091,84
12100,6047,6053,6
12102,6029,6073,44
12104,6037,6067,30
12106,5903,6203,300
12108,6029,6079,50
12110,6043,6067,24
12112,6011,6101,90
12114,6047,6067,20
12116,6043,6073,30
12118,6029,6089,60
12120,6053,6067,14
12122,6043,6079,36
12124,6011,6113,102
12126,6053,6073,20
12128,6037,6091,54
12130,6029,6101,72
12132,6053,6079,26
12134,6043,6091,48
12136,6047,6089,42
12138,6047,6091,44
12140,6067,6073,6
12142,6053,6089,36
12144,6053,6091,38
12146,6067,6079,12
12148,6047,6101,54
12150,6037,6113,76
12152,6073,6079,6
12154,6053,6101,48
12156,6067,6089,22
12158,6067,6091,24
12160,6047,6113,66
12162,6073,6089,16
12164,6073,6091,18
12166,6053,6113,60
12168,6079,6089,10
12170,6079,6091,12
12172,6029,6143,114
12174,6073,6101,28
12176,6043,6133,90
12178,6047,6131,84
12180,6089,6091,2
12182,5953,6229,276
12184,6053,6131,78
12186,6073,6113,40
12188,6067,6121,54
12190,6089,6101,12
12192,6091,6101,10
12194,6073,6121,48
12196,6053,6143,90
12198,6067,6131,64
12200,6079,6121,42
12202,6089,6113,24
12204,6091,6113,22
12206,6073,6133,60
12208,6011,6197,186
12210,6089,6121,32
12212,6091,6121,30
12214,6101,6113,12
12216,6073,6143,70
12218,6067,6151,84
12220,6089,6131,42
12222,6101,6121,20
12224,6091,6133,42
12226,6053,6173,120
12228,6029,6199,170
12230,6079,6151,72
12232,6101,6131,30
12234,6113,6121,8
12236,6073,6163,90
12238,5981,6257,276
12240,6089,6151,62
12242,6091,6151,60
12244,6113,6131,18
12246,6113,6133,20
12248,6037,6211,174
12250,6053,6197,144
12252,6121,6131,10
12254,6121,6133,12
12256,6113,6143,30
12258,6047,6211,164
12260,6043,6217,174
12262,6089,6173,84
12264,6131,6133,2
12266,6067,6199,132
12268,6047,6221,174
12270,6073,6197,124
12272,6121,6151,30
12274,6131,6143,12
12276,6133,6143,10
12278,6079,6199,120
12280,6011,6269,258
12282,6131,6151,20
12284,6133,6151,18
12286,6113,6173,60
12288,6091,6197,106
12290,6091,6199,108
12292,6089,6203,114
12294,6143,6151,8
12296,6133,6163,30
12298,6101,6197,96
12300,6101,6199,98
12302,6091,6211,120
12304,6131,6173,42
12306,6143,6163,20
12308,6091,6217,126
12310,6113,6197,84
12312,6113,6199,86
12314,6151,6163,12
12316,6143,6173,30
12318,6121,6197,76
12320,6121,6199,78
12322,6101,6221,120
12324,6151,6173,22
12326,6079,6247,168
12328,6131,6197,66
12330,6133,6197,64
12332,6133,6199,66
12334,6131,6203,72
12336,6163,6173,10
12338,6121,6217,96
12340,6143,6197,54
12342,6143,6199,56
12344,6133,6211,78
12346,6143,6203,60
12348,6151,6197,46
12350,6151,6199,48
12352,6131,6221,90
12354,6151,6203,52
12356,6079,6277,198
12358,6101,6257,156
12360,6163,6197,34
12362,6163,6199,36
12364,6143,6221,78
12366,6163,6203,40
12368,6151,6217,66
12370,6173,6197,24
12372,6173,6199,26
12374,6163,6211,48
12376,6173,6203,30
12378,6131,6247,116
12380,6163,6217,54
12382,6113,6269,156
12384,6173,6211,38
12386,6043,6343,300
12388,6131,6257,126
12390,6173,6217,44
12392,6163,6229,66
12394,6173,6221,48
12396,6197,6199,2
12398,6151,6247,96
12400,6197,6203,6
12402,6199,6203,4
12404,6133,6271,138
12406,6143,6263,120
12408,6197,6211,14
12410,6199,6211,12
12412,6143,6269,126
12414,6203,6211,8
12416,6199,6217,18
12418,6197,6221,24
12420,6203,6217,14
12422,6151,6271,120
12424,6203,6221,18
12426,6197,6229,32
12428,6211,6217,6
12430,6173,6257,84
12432,6211,6221,10
12434,6163,6271,108
12436,6173,6263,90
12438,6217,6221,4
12440,6211,6229,18
12442,6173,6269,96
12444,6197,6247,50
12446,6217,6229,12
12448,6131,6317,186
12450,6221,6229,8
12452,6151,6301,150
12454,6197,6257,60
12456,6199,6257,58
12458,6211,6247,36
12460,6203,6257,54
12462,6199,6263,64
12464,6217,6247,30
12466,6203,6263,60
12468,6221,6247,26
12470,6199,6271,72
12472,6203,6269,66
12474,6217,6257,40
12476,6229,6247,18
12478,6221,6257,36
12480,6217,6263,46
12482,6211,6271,60
12484,6221,6263,42
12486,6229,6257,28
12488,6217,6271,54
12490,6221,6269,48
12492,6229,6263,34
12494,6217,6277,60
12496,6197,6299,102
12498,6229,6269,40
12500,6229,6271,42
12502,6203,6299,96
12504,6247,6257,10
12506,6229,6277,48
12508,6221,6287,66
12510,6247,6263,16
12512,6211,6301,90
12514,6203,6311,108
12516,6247,6269,22
12518,6247,6271,24
12520,6257,6263,6
12522,6221,6301,80
12524,6247,6277,30
12526,6257,6269,12
12528,6257,6271,14
12530,6229,6301,72
12532,6263,6269,6
12534,6263,6271,8
12536,6199,6337,138
12538,6221,6317,96
12540,6269,6271,2
12542,6199,6343,144
12544,6257,6287,30
12546,6269,6277,8
12548,6271,6277,6
12550,6263,6287,24
12552,6229,6323,94
12554,6217,6337,120
12556,6269,6287,18
12558,6271,6287,16
12560,6217,6343,126
12562,6263,6299,36
12564,6277,6287,10
12566,6229,6337,108
12568,6269,6299,30
12570,6271,6299,28
12572,6271,6301,30
12574,6263,6311,48
12576,6277,6299,22
12578,6277,6301,24
12580,6269,6311,42
12582,6271,6311,40
12584,6247,6337,90
12586,6287,6299,12
12588,6287,6301,14
12590,6247,6343,96
12592,6269,6323,54
12594,6277,6317,40
12596,6229,6367,138
12598,6287,6311,24
12600,6299,6301,2
12602,6229,6373,144
12604,6287,6317,30
12606,6277,6329,52
12608,6271,6337,66
12610,6299,6311,12
12612,6301,6311,10
12614,6277,6337,60
12616,6299,6317,18
12618,6301,6317,16
12620,6277,6343,66
12622,6299,6323,24
12624,6301,6323,22
12626,6247,6379,132
12628,6311,6317,6
12630,6301,6329,28
12632,6271,6361,90
12634,6311,6323,12
12636,6299,6337,38
12638,6301,6337,36
12640,6317,6323,6
12642,6299,6343,44
12644,6301,6343,42
12646,6317,6329,12
12648,6311,6337,26
12650,6277,6373,96
12652,6323,6329,6
12654,6317,6337,20
12656,6277,6379,102
12658,6299,6359,60
12660,6323,6337,14
12662,6301,6361,60
12664,6311,6353,42
12666,6329,6337,8
12668,6301,6367,66
12670,6317,6353,36
12672,6329,6343,14
12674,6301,6373,72
12676,6323,6353,30
12678,6317,6361,44
12680,6337,6343,6
12682,6329,6353,24
12684,6323,6361,38
12686,6217,6469,252
12688,6329,6359,30
12690,6337,6353,16
12692,6271,6421,150
12694,6221,6473,252
12696,6343,6353,10
12698,6337,6361,24
12700,6311,6389,78
12702,6343,6359,16
12704,6343,6361,18
12706,6317,6389,72
12708,6329,6379,50
12710,6343,6367,24
12712,6353,6359,6
12714,6353,6361,8
12716,6343,6373,30
12718,6329,6389,60
12720,6359,6361,2
12722,6343,6379,36
12724,6203,6521,318
12726,6359,6367,8
12728,6361,6367,6
12730,6257,6473,216
12732,6359,6373,14
12734,6361,6373,12
12736,6287,6449,162
12738,6359,6379,20
12740,6367,6373,6
12742,6353,6389,36
12744,6323,6421,98
12746,6367,6379,12
12748,6359,6389,30
12750,6361,6389,28
12752,6373,6379,6
12754,6263,6491,228
12756,6367,6389,22
12758,6361,6397,36
12760,6311,6449,138
12762,6373,6389,16
12764,6367,6397,30
12766,6317,6449,132
12768,6379,6389,10
12770,6373,6397,24
12772,6323,6449,126
12774,6353,6421,68
12776,6379,6397,18
12778,6329,6449,120
12780,6359,6421,62
12782,6361,6421,60
12784,6311,6473,162
12786,6389,6397,8
12788,6367,6421,54
12790,6317,6473,156
12792,6343,6449,106
12794,6373,6421,48
12796,6323,6473,150
12798,6329,6469,140
12800,6379,6421,42
12802,6353,6449,96
12804,6353,6451,98
12806,6379,6427,48
12808,6359,6449,90
12810,6389,6421,32
12812,6361,6451,90
12814,6323,6491,168
12816,6389,6427,38
12818,6397,6421,24
12820,6329,6491,162
12822,6373,6449,76
12824,6397,6427,30
12826,6353,6473,120
12828,6379,6449,70
12830,6379,6451,72
12832,6359,6473,114
12834,6361,6473,112
12836,6367,6469,102
12838,6389,6449,60
12840,6389,6451,62
12842,6373,6469,96
12844,6353,6491,138
12846,6397,6449,52
12848,6421,6427,6
12850,6359,6491,132
12852,6379,6473,94
12854,6373,6481,108
12856,6287,6569,282
12858,6389,6469,80
12860,6379,6481,102
12862,6389,6473,84
12864,6373,6491,118
12866,6397,6469,72
12868,6317,6551,234
12870,6421,6449,28
12872,6421,6451,30
12874,6353,6521,168
12876,6427,6449,22
12878,6427,6451,24
12880,6389,6491,102
12882,6361,6521,160
12884,6337,6547,210
12886,6323,6563,240
12888,6397,6491,94
12890,6421,6469,48
12892,6329,6563,234
12894,6421,6473,52
12896,6427,6469,42
12898,6329,6569,240
12900,6449,6451,2
12902,6421,6481,60
12904,6353,6551,198
12906,6359,6547,188
12908,6427,6481,54
12910,6389,6521,132
12912,6421,6491,70
12914,6367,6547,180
12916,6353,6563,210
12918,6449,6469,20
12920,6451,6469,18
12922,6449,6473,24
12924,6451,6473,22
12926,6397,6529,132
12928,6359,6569,210
12930,6449,6481,32
12932,6451,6481,30
12934,6353,6581,228
12936,6389,6547,158
12938,6367,6571,204
12940,6449,6491,42
12942,6469,6473,4
12944,6397,6547,150
12946,6287,6659,372
12948,6427,6521,94
12950,6469,6481,12
12952,6389,6563,174
12954,6473,6481,8
12956,6427,6529,102
12958,6389,6569,180
12960,6469,6491,22
12962,6343,6619,276
12964,6473,6491,18
12966,6397,6569,172
12968,6421,6547,126
12970,6449,6521,72
12972,6481,6491,10
12974,6427,6547,120
12976,6323,6653,330
12978,6449,6529,80
12980,6451,6529,78
12982,6329,6653,324
12984,6421,6563,142
12986,6379,6607,228
12988,6389,6599,210
12990,6469,6521,52
12992,6421,6571,150
12994,6473,6521,48
12996,6449,6547,98
12998,6469,6529,60
13000,6449,6551,102
13002,6481,6521,40
13004,6451,6553,102
13006,6353,6653,300
13008,6427,6581,154
13010,6481,6529,48
13012,6491,6521,30
13014,6451,6563,112
13016,6469,6547,78
13018,6449,6569,120
13020,6491,6529,38
13022,6469,6553,84
13024,6473,6551,78
13026,6473,6553,80
13028,6481,6547,66
13030,6449,6581,132
13032,6481,6551,70
13034,6481,6553,72
13036,6473,6563,90
13038,6491,6547,56
13040,6469,6571,102
13042,6491,6551,60
13044,6491,6553,62
13046,6469,6577,108
13048,6449,6599,150
13050,6521,6529,8
13052,6481,6571,90
13054,6491,6563,72
13056,6449,6607,158
13058,6481,6577,96
13060,6491,6569,78
13062,6491,6571,80
13064,6427,6637,210
13066,6329,6737,408
13068,6521,6547,26
13070,6451,6619,168
13072,6521,6551,30
13074,6521,6553,32
13076,6529,6547,18
13078,6389,6689,300
13080,6529,6551,22
13082,6529,6553,24
13084,6521,6563,42
13086,6449,6637,188
13088,6481,6607,126
13090,6521,6569,48
13092,6529,6563,34
13094,6421,6673,252
13096,6359,6737,378
13098,6547,6551,4
13100,6547,6553,6
13102,6521,6581,60
13104,6551,6553,2
13106,6529,6577,48
13108,6449,6659,210
13110,6547,6563,16
13112,6451,6661,210
13114,6551,6563,12
13116,6553,6563,10
13118,6547,6571,24
13120,6551,6569,18
13122,6553,6569,16
13124,6553,6571,18
13126,6473,6653,180
13128,6551,6577,26
13130,6553,6577,24
13132,6563,6569,6
13134,6563,6571,8
13136,6529,6607,78
13138,6449,6689,240
13140,6569,6571,2
13142,6481,6661,180
13144,6563,6581,18
13146,6569,6577,8
13148,6571,6577,6
13150,6569,6581,12
13152,6571,6581,10
13154,6547,6607,60
13156,6353,6803,450
13158,6577,6581,4
13160,6553,6607,54
13162,6563,6599,36
13164,6491,6673,182
13166,6547,6619,72
13168,6569,6599,30
13170,6571,6599,28
13172,6553,6619,66
13174,6521,6653,132
13176,6577,6599,22
13178,6571,6607,36
13180,6581,6599,18
13182,6563,6619,56
13184,6577,6607,30
13186,6449,6737,288
13188,6581,6607,26
13190,6571,6619,48
13192,6491,6701,210
13194,6521,6673,152
13196,6577,6619,42
13198,6329,6869,540
13200,6581,6619,38
13202,6529,6673,144
13204,6551,6653,102
13206,6599,6607,8
13208,6571,6637,66
13210,6551,6659,108
13212,6553,6659,106
13214,6577,6637,60
13216,6563,6653,90
13218,6599,6619,20
13220,6547,6673,126
13222,6569,6653,84
13224,6571,6653,82
13226,6607,6619,12
13228,6569,6659,90
13230,6577,6653,76
13232,6571,6661,90
13234,6581,6653,72
13236,6599,6637,38
13238,6577,6661,84
13240,6581,6659,78
13242,6581,6661,80
13244,6607,6637,30
13246,6389,6857,468
13248,6569,6679,110
13250,6577,6673,96
13252,6599,6653,54
13254,6581,6673,92
13256,6619,6637,18
13258,6599,6659,60
13260,6607,6653,46
13262,6571,6691,120
13264,6563,6701,138
13266,6607,6659,52
13268,6607,6661,54
13270,6581,6689,108
13272,6619,6653,34
13274,6571,6703,132
13276,6473,6803,330
13278,6619,6659,40
13280,6619,6661,42
13282,6581,6701,120
13284,6581,6703,122
13286,6607,6679,72
13288,6599,6689,90
13290,6637,6653,16
13292,6619,6673,54
13294,6491,6803,312
13296,6637,6659,22
13298,6637,6661,24
13300,6599,6701,102
13302,6599,6703,104
13304,6571,6733,162
13306,6569,6737,168
13308,6619,6689,70
13310,6637,6673,36
13312,6653,6659,6
13314,6653,6661,8
13316,6637,6679,42
13318,6599,6719,120
13320,6659,6661,2
13322,6619,6703,84
13324,6563,6761,198
13326,6653,6673,20
13328,6637,6691,54
13330,6569,6761,192
13332,6659,6673,14
13334,6661,6673,12
13336,6599,6737,138
13338,6659,6679,20
13340,6661,6679,18
13342,6653,6689,36
13344,6653,6691,38
13346,6637,6709,72
13348,6659,6689,30
13350,6661,6689,28
13352,6673,6679,6
13354,6653,6701,48
13356,6653,6703,50
13358,6577,6781,204
13360,6659,6701,42
13362,6673,6689,16
13364,6673,6691,18
13366,6563,6803,240
13368,6679,6689,10
13370,6679,6691,12
13372,6653,6719,66
13374,6673,6701,28
13376,6673,6703,30
13378,6659,6719,60
13380,6689,6691,2
13382,6679,6703,24
13384,6581,6803,222
13386,6653,6733,80
13388,6679,6709,30
13390,6689,6701,12
13392,6691,6701,10
13394,6691,6703,12
13396,6659,6737,78
13398,6689,6709,20
13400,6691,6709,18
13402,6599,6803,204
13404,6701,6703,2
13406,6673,6733,60
13408,6689,6719,30
13410,6701,6709,8
13412,6703,6709,6
13414,6653,6761,108
13416,6679,6737,58
13418,6637,6781,144
13420,6701,6719,18
13422,6703,6719,16
13424,6691,6733,42
13426,6689,6737,48
13428,6709,6719,10
13430,6637,6793,156
13432,6653,6779,126
13434,6701,6733,32
13436,6703,6733,30
13438,6701,6737,36
13440,6703,6737,34
13442,6709,6733,24
13444,6653,6791,138
13446,6709,6737,28
13448,6619,6829,210
13450,6689,6761,72
13452,6719,6733,14
13454,6691,6763,72
13456,6719,6737,18
13458,6679,6779,100
13460,6679,6781,102
13462,6701,6761,60
13464,6703,6761,58
13466,6703,6763,60
13468,6689,6779,90
13470,6733,6737,4
13472,6709,6763,54
13474,6563,6911,348
13476,6673,6803,130
13478,6637,6841,204
13480,6719,6761,42
13482,6719,6763,44
13484,6703,6781,78
13486,6659,6827,168
13488,6709,6779,70
13490,6709,6781,72
13492,6701,6791,90
13494,6733,6761,28
13496,6733,6763,30
13498,6737,6761,24
13500,6737,6763,26
13502,6709,6793,84
13504,6701,6803,102
13506,6703,6803,100
13508,6679,6829,150
13510,6719,6791,72
13512,6733,6779,46
13514,6733,6781,48
13516,6737,6779,42
13518,6737,6781,44
13520,6691,6829,138
13522,6719,6803,84
13524,6761,6763,2
13526,6733,6793,60
13528,6737,6791,54
13530,6737,6793,56
13532,6709,6823,114
13534,6701,6833,132
13536,6733,6803,70
13538,6709,6829,120
13540,6761,6779,18
13542,6763,6779,16
13544,6763,6781,18
13546,6719,6827,108
13548,6719,6829,110
13550,6709,6841,132
13552,6761,6791,30
13554,6763,6791,28
13556,6763,6793,30
13558,6701,6857,156
13560,6779,6781,2
13562,6733,6829,96
13564,6761,6803,42
13566,6763,6803,40
13568,6661,6907,246
13570,6779,6791,12
13572,6781,6791,10
13574,6781,6793,12
13576,6719,6857,138
13578,6737,6841,104
13580,6709,6871,162
13582,6779,6803,24
13584,6791,6793,2
13586,6763,6823,60
13588,6761,6827,66
13590,6763,6827,64
13592,6763,6829,66
13594,6791,6803,12
13596,6793,6803,10
13598,6691,6907,216
13600,6737,6863,126
13602,6779,6823,44
13604,6781,6823,42
13606,6779,6827,48
13608,6781,6827,46
13610,6781,6829,48
13612,6779,6833,54
13614,6791,6823,32
13616,6793,6823,30
13618,6791,6827,36
13620,6793,6827,34
13622,6793,6829,36
13624,6791,6833,42
13626,6803,6823,20
13628,6679,6949,270
13630,6803,6827,24
13632,6803,6829,26
13634,6793,6841,48
13636,6803,6833,30
13638,6781,6857,76
13640,6733,6907,174
13642,6779,6863,84
13644,6803,6841,38
13646,6763,6883,120
13648,6791,6857,66
13650,6823,6827,4
13652,6823,6829,6
13654,6791,6863,72
13656,6827,6829,2
13658,6709,6949,240
13660,6827,6833,6
13662,6829,6833,4
13664,6823,6841,18
13666,6803,6863,60
13668,6827,6841,14
13670,6829,6841,12
13672,6803,6869,66
13674,6833,6841,8
13676,6793,6883,90
13678,6779,6899,120
13680,6823,6857,34
13682,6733,6949,216
13684,6827,6857,30
13686,6829,6857,28
13688,6781,6907,126
13690,6833,6857,24
13692,6829,6863,34
13694,6823,6871,48
13696,6833,6863,30
13698,6841,6857,16
13700,6829,6871,42
13702,6833,6869,36
13704,6841,6863,22
13706,6823,6883,60
13708,6791,6917,126
13710,6841,6869,28
13712,6841,6871,30
13714,6803,6911,108
13716,6833,6883,50
13718,6691,7027,336
13720,6857,6863,6
13722,6823,6899,76
13724,6841,6883,42
13726,6857,6869,12
13728,6857,6871,14
13730,6823,6907,84
13732,6863,6869,6
13734,6863,6871,8
13736,6829,6907,78
13738,6827,6911,84
13740,6869,6871,2
13742,6793,6949,156
13744,6833,6911,78
13746,6863,6883,20
13748,6841,6907,66
13750,6833,6917,84
13752,6869,6883,14
13754,6871,6883,12
13756,6857,6899,42
13758,6841,6917,76
13760,6793,6967,174
13762,6863,6899,36
13764,6857,6907,50
13766,6709,7057,348
13768,6869,6899,30
13770,6871,6899,28
13772,6823,6949,126
13774,6863,6911,48
13776,6869,6907,38
13778,6871,6907,36
13780,6869,6911,42
13782,6883,6899,16
13784,6823,6961,138
13786,6869,6917,48
13788,6871,6917,46
13790,6883,6907,24
13792,6833,6959,126
13794,6883,6911,28
13796,6829,6967,138
13798,6827,6971,144
13800,6883,6917,34
13802,6841,6961,120
13804,6857,6947,90
13806,6899,6907,8
13808,6841,6967,126
13810,6899,6911,12
13812,6863,6949,86
13814,6823,6991,168
13816,6899,6917,18
13818,6907,6911,4
13820,6871,6949,78
13822,6863,6959,96
13824,6907,6917,10
13826,6829,6997,168
13828,6911,6917,6
13830,6883,6947,64
13832,6883,6949,66
13834,6863,6971,108
13836,6869,6967,98
13838,6871,6967,96
13840,6869,6971,102
13842,6883,6959,76
13844,6883,6961,78
13846,6899,6947,48
13848,6899,6949,50
13850,6883,6967,84
13852,6869,6983,114
13854,6907,6947,40
13856,6907,6949,42
13858,6911,6947,36
13860,6911,6949,38
13862,6871,6991,120
13864,6917,6947,30
13866,6917,6949,32
13868,6907,6961,54
13870,6911,6959,48
13872,6911,6961,50
13874,6907,6967,60
13876,6917,6959,42
13878,6917,6961,44
13880,6883,6997,114
13882,6911,6971,60
13884,6917,6967,50
13886,6829,7057,228
13888,6917,6971,54
13890,6907,6983,76
13892,6823,7069,246
13894,6917,6977,60
13896,6947,6949,2
13898,6907,6991,84
13900,6917,6983,66
13902,6911,6991,80
13904,6907,6997,90
13906,6947,6959,12
13908,6949,6959,10
13910,6949,6961,12
13912,6911,7001,90
13914,6947,6967,20
13916,6949,6967,18
13918,6947,6971,24
13920,6959,6961,2
13922,6883,7039,156
13924,6947,6977,30
13926,6959,6967,8
13928,6961,6967,6
13930,6959,6971,12
13932,6961,6971,10
13934,6907,7027,120
13936,6959,6977,18
13938,6967,6971,4
13940,6949,6991,42
13942,6959,6983,24
13944,6967,6977,10
13946,6949,6997,48
13948,6971,6977,6
13950,6967,6983,16
13952,6961,6991,30
13954,6971,6983,12
13956,6959,6997,38
13958,6967,6991,24
13960,6977,6983,6
13962,6971,6991,20
13964,6967,6997,30
13966,6947,7019,72
13968,6977,6991,14
13970,6841,7129,288
13972,6971,7001,30
13974,6983,6991,8
13976,6949,7027,78
13978,6977,7001,24
13980,6983,6997,14
13982,6823,7159,336
13984,6983,7001,18
13986,6967,7019,52
13988,6991,6997,6
13990,6977,7013,36
13992,6991,7001,10
13994,6967,7027,60
13996,6983,7013,30
13998,6997,7001,4
14000,6961,7039,78
14002,6983,7019,36
14004,6991,7013,22
14006,6967,7039,72
14008,6899,7109,210
14010,6997,7013,16
14012,6883,7129,246
14014,7001,7013,12
14016,6997,7019,22
14018,6991,7027,36
14020,7001,7019,18
14022,6983,7039,56
14024,6997,7027,30
14026,6983,7043,60
14028,7001,7027,26
14030,6991,7039,48
14032,7013,7019,6
14034,6991,7043,52
14036,6997,7039,42
14038,6959,7079,120
14040,7013,7027,14
14042,6883,7159,276
14044,7001,7043,42
14046,7019,7027,8
14048,6991,7057,66
14050,6971,7079,108
14052,7013,7039,26
14054,6997,7057,60
14056,7013,7043,30
14058,7019,7039,20
14060,6991,7069,78
14062,7019,7043,24
14064,6961,7103,142
14066,7027,7039,12
14068,6959,7109,150
14070,7027,7043,16
14072,6829,7243,414
14074,6971,7103,132
14076,7019,7057,38
14078,6949,7129,180
14080,7001,7079,78
14082,7039,7043,4
14084,7027,7057,30
14086,6983,7103,120
14088,7019,7069,50
14090,6961,7129,168
14092,7013,7079,66
14094,6991,7103,112
14096,7039,7057,18
14098,7019,7079,60
14100,7043,7057,14
14102,6883,7219,336
14104,7001,7103,102
14106,7027,7079,52
14108,7039,7069,30
14110,7001,7109,108
14112,7043,7069,26
14114,6907,7207,300
14116,7013,7103,90
14118,7039,7079,40
14120,6991,7129,138
14122,7043,7079,36
14124,6997,7127,130
14126,7057,7069,12
14128,7019,7109,90
14130,7027,7103,76
14132,6823,7309,486
14134,7013,7121,108
14136,7057,7079,22
14138,6961,7177,216
14140,7019,7121,102
14142,7039,7103,64
14144,6967,7177,210
14146,7043,7103,60
14148,7069,7079,10
14150,6991,7159,168
14152,7043,7109,66
14154,7027,7127,100
14156,7027,7129,102
14158,6971,7187,216
14160,7057,7103,46
14162,6949,7213,264
14164,7043,7121,78
14166,7057,7109,52
14168,7039,7129,90
14170,7043,7127,84
14172,7069,7103,34
14174,6997,7177,180
14176,6983,7193,210
14178,7069,7109,40
14180,6967,7213,246
14182,7079,7103,24
14184,7057,7127,70
14186,7057,7129,72
14188,7079,7109,30
14190,7069,7121,52
14192,6949,7243,294
14194,7043,7151,108
14196,7069,7127,58
14198,7069,7129,60
14200,7079,7121,42
14202,7043,7159,116
14204,7027,7177,150
14206,7079,7127,48
14208,7079,7129,50
14210,6997,7213,216
14212,7103,7109,6
14214,7027,7187,160
14216,7057,7159,102
14218,6971,7247,276
14220,7069,7151,82
14222,6871,7351,480
14224,7103,7121,18
14226,7039,7187,148
14228,7069,7159,90
14230,7109,7121,12
14232,7103,7129,26
14234,7057,7177,120
14236,7109,7127,18
14238,7109,7129,20
14240,7027,7213,186
14242,7013,7229,216
14244,7057,7187,130
14246,7069,7177,108
14248,7121,7127,6
14250,7121,7129,8
14252,7039,7213,174
14254,7103,7151,48
14256,7127,7129,2
14258,7039,7219,180
14260,7109,7151,42
14262,7103,7159,56
14264,7057,7207,150
14266,7079,7187,108
14268,7109,7159,50
14270,7057,7213,156
14272,7121,7151,30
14274,7027,7247,220
14276,7069,7207,138
14278,7127,7151,24
14280,7129,7151,22
14282,7069,7213,144
14284,7001,7283,282
14286,7127,7159,32
14288,7129,7159,30
14290,7103,7187,84
14292,7079,7213,134
14294,7057,7237,180
14296,7109,7187,78
14298,7121,7177,56
14300,7057,7243,186
14302,7109,7193,84
14304,7127,7177,50
14306,7129,7177,48
14308,7121,7187,66
14310,7151,7159,8
14312,7069,7243,174
14314,7127,7187,60
14316,7129,7187,58
14318,6997,7321,324
14320,7127,7193,66
14322,7129,7193,64
14324,7027,7297,270
14326,7079,7247,168
14328,7151,7177,26
14330,6997,7333,336
14332,7121,7211,90
14334,7127,7207,80
14336,7159,7177,18
14338,7151,7187,36
14340,7129,7211,82
14342,7129,7213,84
14344,7151,7193,42
14346,7159,7187,28
14348,7129,7219,90
14350,7121,7229,108
14352,7159,7193,34
14354,7057,7297,240
14356,7127,7229,102
14358,7151,7207,56
14360,7039,7321,282
14362,7151,7211,60
14364,7177,7187,10
14366,7159,7207,48
14368,7121,7247,126
14370,7177,7193,16
14372,7159,7213,54
14374,7127,7247,120
14376,7129,7247,118
14378,7159,7219,60
14380,7187,7193,6
14382,7129,7253,124
14384,7177,7207,30
14386,7103,7283,180
14388,7177,7211,34
14390,7177,7213,36
14392,7109,7283,174
14394,7187,7207,20
14396,7177,7219,42
14398,7187,7211,24
14400,7193,7207,14
14402,7159,7243,84
14404,7193,7211,18
14406,7193,7213,20
14408,7057,7351,294
14410,7127,7283,156
14412,7193,7219,26
14414,7177,7237,60
14416,7187,7229,42
14418,7207,7211,4
14420,7207,7213,6
14422,7193,7229,36
14424,7211,7213,2
14426,7207,7219,12
14428,7121,7307,186
14430,7211,7219,8
14432,7213,7219,6
14434,7187,7247,60
14436,7207,7229,22
14438,7129,7309,180
14440,7211,7229,18
14442,7213,7229,16
14444,7207,7237,30
14446,7193,7253,60
14448,7219,7229,10
14450,7213,7237,24
14452,7121,7331,210
14454,7211,7243,32
14456,7219,7237,18
14458,7211,7247,36
14460,7213,7247,34
14462,7219,7243,24
14464,7211,7253,42
14466,7229,7237,8
14468,7159,7309,150
14470,7187,7283,96
14472,7229,7243,14
14474,7177,7297,120
14476,7229,7247,18
14478,7129,7349,220
14480,7237,7243,6
14482,7229,7253,24
14484,7237,7247,10
14486,7177,7309,132
14488,7001,7487,486
14490,7243,7247,4
14492,7159,7333,174
14494,7211,7283,72
14496,7243,7253,10
14498,7177,7321,144
14500,7247,7253,6
14502,7219,7283,64
14504,7207,7297,90
14506,7019,7487,468
14508,7211,7297,86
14510,7213,7297,84
14512,7229,7283,54
14514,7207,7307,100
14516,7219,7297,78
14518,7211,7307,96
14520,7237,7283,46
14522,7213,7309,96
14524,7193,7331,138
14526,7243,7283,40
14528,7219,7309,90
14530,7247,7283,36
14532,7211,7321,110
14534,7237,7297,60
14536,7253,7283,30
14538,7229,7309,80
14540,7243,7297,54
14542,7211,7331,120
14544,7247,7297,50
14546,7237,7309,72
14548,7019,7529,510
14550,7253,7297,44
14552,7243,7309,66
14554,7247,7307,60
14556,7247,7309,62
14558,7237,7321,84
14560,7253,7307,54
14562,7253,7309,56
14564,7243,7321,78
14566,7109,7457,348
14568,7247,7321,74
14570,7237,7333,96
14572,7121,7451,330
14574,7253,7321,68
14576,7243,7333,90
14578,7247,7331,84
14580,7283,7297,14
14582,7213,7369,156
14584,7253,7331,78
14586,7253,7333,80
14588,7237,7351,114
14590,7283,7307,24
14592,7283,7309,26
14594,7243,7351,108
14596,7247,7349,102
14598,7247,7351,104
14600,7207,7393,186
14602,7253,7349,96
14604,7297,7307,10
14606,7297,7309,12
14608,7151,7457,306
14610,7193,7417,224
14612,7243,7369,126
14614,7283,7331,48
14616,7307,7309,2
14618,7297,7321,24
14620,7187,7433,246
14622,7253,7369,116
14624,7213,7411,198
14626,7193,7433,240
14628,7307,7321,14
14630,7309,7321,12
14632,7283,7349,66
14634,7283,7351,68
14636,7243,7393,150
14638,7307,7331,24
14640,7309,7331,22
14642,7309,7333,24
14644,7211,7433,222
14646,7297,7349,52
14648,7297,7351,54
14650,7193,7457,264
14652,7321,7331,10
14654,7321,7333,12
14656,7307,7349,42
14658,7309,7349,40
14660,7309,7351,42
14662,7229,7433,204
14664,7331,7333,2
14666,7297,7369,72
14668,7211,7457,246
14670,7321,7349,28
14672,7321,7351,30
14674,7193,7481,288
14676,7307,7369,62
14678,7309,7369,60
14680,7331,7349,18
14682,7333,7349,16
14684,7333,7351,18
14686,7253,7433,180
14688,7237,7451,214
14690,7321,7369,48
14692,7211,7481,270
14694,7283,7411,128
14696,7237,7459,222
14698,7247,7451,204
14700,7349,7351,2
14702,7333,7369,36
14704,7253,7451,198
14706,7247,7459,212
14708,7297,7411,114
14710,7253,7457,204
14712,7253,7459,206
14714,7321,7393,72
14716,7283,7433,150
14718,7349,7369,20
14720,7351,7369,18
14722,7193,7529,336
14724,7331,7393,62
14726,7333,7393,60
14728,7247,7481,234
14730,7297,7433,136
14732,7321,7411,90
14734,7283,7451,168
14736,7247,7489,242
14738,7321,7417,96
14740,7307,7433,126
14742,7349,7393,44
14744,7351,7393,42
14746,7247,7499,252
14748,7331,7417,86
14750,7333,7417,84
14752,7253,7499,246
14754,7321,7433,112
14756,7297,7459,162
14758,7307,7451,144
14760,7349,7411,62
14762,7369,7393,24
14764,7331,7433,102
14766,7349,7417,68
14768,7351,7417,66
14770,7283,7487,204
14772,7321,7451,130
14774,7297,7477,180
14776,7253,7523,270
14778,7321,7457,136
14780,7369,7411,42
14782,7349,7433,84
14784,7351,7433,82
14786,7369,7417,48
14788,7331,7457,126
14790,7333,7457,124
14792,7333,7459,126
14794,7307,7487,180
14796,7309,7487,178
14798,7321,7477,156
14800,7349,7451,102
14802,7369,7433,64
14804,7393,7411,18
14806,7349,7457,108
14808,7351,7457,106
14810,7393,7417,24
14812,7331,7481,150
14814,7333,7481,148
14816,7309,7507,198
14818,7331,7487,156
14820,7369,7451,82
14822,7333,7489,156
14824,7307,7517,210
14826,7393,7433,40
14828,7411,7417,6
14830,7349,7481,132
14832,7351,7481,130
14834,7297,7537,240
14836,7349,7487,138
14838,7351,7487,136
14840,7351,7489,138
14842,7283,7559,276
14844,7411,7433,22
14846,7369,7477,108
14848,7349,7499,150
14850,7417,7433,16
14852,7393,7459,66
14854,7331,7523,192
14856,7369,7487,118
14858,7369,7489,120
14860,7331,7529,198
14862,7411,7451,40
14864,7243,7621,378
14866,7349,7517,168
14868,7417,7451,34
14870,7411,7459,48
14872,7349,7523,174
14874,7417,7457,40
14876,7417,7459,42
14878,7349,7529,180
14880,7393,7487,94
14882,7393,7489,96
14884,7433,7451,18
14886,7369,7517,148
14888,7411,7477,66
14890,7433,7457,24
14892,7433,7459,26
14894,7417,7477,60
14896,7349,7547,198
14898,7417,7481,64
14900,7411,7489,78
14902,7253,7649,396
14904,7417,7487,70
14906,7417,7489,72
14908,7451,7457,6
14910,7451,7459,8
14912,7351,7561,210
14914,7433,7481,48
14916,7457,7459,2
14918,7411,7507,96
14920,7433,7487,54
14922,7433,7489,56
14924,7417,7507,90
14926,7349,7577,228
14928,7451,7477,26
14930,7393,7537,144
14932,7451,7481,30
14934,7457,7477,20
14936,7459,7477,18
14938,7457,7481,24
14940,7459,7481,22
14942,7393,7549,156
14944,7457,7487,30
14946,7459,7487,28
14948,7459,7489,30
14950,7451,7499,48
14952,7411,7541,130
14954,7417,7537,120
14956,7457,7499,42
14958,7477,7481,4
14960,7411,7549,138
14962,7433,7529,96
14964,7477,7487,10
14966,7477,7489,12
14968,7481,7487,6
14970,7481,7489,8
14972,7411,7561,150
14974,7457,7517,60
14976,7487,7489,2
14978,7417,7561,144
14980,7481,7499,18
14982,7459,7523,64
14984,7477,7507,30
14986,7487,7499,12
14988,7489,7499,10
14990,7417,7573,156
14992,7451,7541,90
14994,7487,7507,20
14996,7489,7507,18
14998,7481,7517,36
15000,7477,7523,46
15002,7411,7591,180
15004,7487,7517,30
15006,7499,7507,8
15008,7459,7549,90
15010,7487,7523,36
15012,7489,7523,34
15014,7477,7537,60
15016,7499,7517,18
15018,7489,7529,40
15020,7459,7561,102
15022,7499,7523,24
15024,7507,7517,10
15026,7489,7537,48
15028,7499,7529,30
15030,7507,7523,16
15032,7459,7573,114
15034,7487,7547,60
15036,7507,7529,22
15038,7489,7549,60
15040,7517,7523,6
15042,7481,7561,80
15044,7507,7537,30
15046,7517,7529,12
15048,7507,7541,34
15050,7489,7561,72
15052,7523,7529,6
15054,7517,7537,20
15056,7507,7549,42
15058,7517,7541,24
15060,7523,7537,14
15062,7489,7573,84
15064,7523,7541,18
15066,7529,7537,8
15068,7507,7561,54
15070,7529,7541,12
15072,7523,7549,26
15074,7393,7681,288
15076,7529,7547,18
15078,7537,7541,4
15080,7507,7573,66
15082,7523,7559,36
15084,7537,7547,10
15086,7537,7549,12
15088,7541,7547,6
15090,7541,7549,8
15092,7489,7603,114
15094,7517,7577,60
15096,7547,7549,2
15098,7537,7561,24
15100,7541,7559,18
15102,7541,7561,20
15104,7417,7687,270
15106,7547,7559,12
15108,7549,7559,10
15110,7549,7561,12
15112,7529,7583,54
15114,7541,7573,32
15116,7477,7639,162
15118,7541,7577,36
15120,7559,7561,2
15122,7549,7573,24
15124,7547,7577,30
15126,7549,7577,28
15128,7537,7591,54
15130,7547,7583,36
15132,7559,7573,14
15134,7561,7573,12
15136,7559,7577,18
15138,7561,7577,16
15140,7549,7591,42
15142,7559,7583,24
15144,7561,7583,22
15146,7507,7639,132
15148,7559,7589,30
15150,7573,7577,4
15152,7561,7591,30
15154,7547,7607,60
15156,7573,7583,10
15158,7537,7621,84
15160,7577,7583,6
15162,7573,7589,16
15164,7573,7591,18
15166,7577,7589,12
15168,7577,7591,14
15170,7549,7621,72
15172,7583,7589,6
15174,7583,7591,8
15176,7573,7603,30
15178,7529,7649,120
15180,7589,7591,2
15182,7561,7621,60
15184,7577,7607,30
15186,7583,7603,20
15188,7549,7639,90
15190,7583,7607,24
15192,7589,7603,14
15194,7591,7603,12
15196,7589,7607,18
15198,7591,7607,16
15200,7561,7639,78
15202,7559,7643,84
15204,7583,7621,38
15206,7537,7669,132
15208,7559,7649,90
15210,7603,7607,4
15212,7591,7621,30
15214,7541,7673,132
15216,7577,7639,62
15218,7549,7669,120
15220,7577,7643,66
15222,7583,7639,56
15224,7603,7621,18
15226,7583,7643,60
15228,7607,7621,14
15230,7591,7639,48
15232,7589,7643,54
15234,7591,7643,52
15236,7549,7687,138
15238,7589,7649,60
15240,7591,7649,58
15242,7603,7639,36
15244,7541,7703,162
15246,7607,7639,32
15248,7561,7687,126
15250,7607,7643,36
15252,7603,7649,46
15254,7573,7681,108
15256,7607,7649,42
15258,7589,7669,80
15260,7621,7639,18
15262,7589,7673,84
15264,7621,7643,22
15266,7549,7717,168
15268,7577,7691,114
15270,7621,7649,28
15272,7603,7669,66
15274,7583,7691,108
15276,7607,7669,62
15278,7591,7687,96
15280,7607,7673,66
15282,7639,7643,4
15284,7603,7681,78
15286,7583,7703,120
15288,7639,7649,10
15290,7621,7669,48
15292,7643,7649,6
15294,7621,7673,52
15296,7573,7723,150
15298,7607,7691,84
15300,7583,7717,134
15302,7621,7681,60
15304,7577,7727,150
15306,7607,7699,92
15308,7639,7669,30
15310,7607,7703,96
15312,7643,7669,26
15314,7591,7723,132
15316,7643,7673,30
15318,7649,7669,20
15320,7639,7681,42
15322,7649,7673,24
15324,7643,7681,38
15326,7639,7687,48
15328,7499,7829,330
15330,7649,7681,32
15332,7591,7741,150
15334,7643,7691,48
15336,7649,7687,38
15338,7639,7699,60
15340,7649,7691,42
15342,7669,7673,4
15344,7621,7723,102
15346,7643,7703,60
15348,7649,7699,50
15350,7669,7681,12
15352,7649,7703,54
15354,7673,7681,8
15356,7669,7687,18
15358,7541,7817,276
15360,7673,7687,14
15362,7639,7723,84
15364,7673,7691,18
15366,7649,7717,68
15368,7681,7687,6
15370,7643,7727,84
15372,7681,7691,10
15374,7621,7753,132
15376,7673,7703,30
15378,7687,7691,4
15380,7681,7699,18
15382,7589,7793,204
15384,7681,7703,22
15386,7687,7699,12
15388,7559,7829,270
15390,7691,7699,8
15392,7669,7723,54
15394,7691,7703,12
15396,7673,7723,50
15398,7681,7717,36
15400,7673,7727,54
15402,7699,7703,4
15404,7687,7717,30
15406,7649,7757,108
15408,7691,7717,26
15410,7687,7723,36
15412,7589,7823,234
15414,7691,7723,32
15416,7699,7717,18
15418,7691,7727,36
15420,7703,7717,14
15422,7699,7723,24
15424,7607,7817,210
15426,7703,7723,20
15428,7687,7741,54
15430,7703,7727,24
15432,7691,7741,50
15434,7681,7753,72
15436,7643,7793,150
15438,7681,7757,76
15440,7717,7723,6
15442,7649,7793,144
15444,7717,7727,10
15446,7687,7759,72
15448,7691,7757,66
15450,7723,7727,4
15452,7699,7753,54
15454,7577,7877,300
15456,7703,7753,50
15458,7717,7741,24
15460,7703,7757,54
15462,7703,7759,56
15464,7723,7741,18
15466,7673,7793,120
15468,7727,7741,14
15470,7717,7753,36
15472,7649,7823,174
15474,7717,7757,40
15476,7723,7753,30
15478,7649,7829,180
15480,7727,7753,26
15482,7723,7759,36
15484,7727,7757,30
15486,7727,7759,32
15488,7699,7789,90
15490,7673,7817,144
15492,7703,7789,86
15494,7741,7753,12
15496,7703,7793,90
15498,7741,7757,16
15500,7741,7759,18
15502,7673,7829,156
15504,7687,7817,130
15506,7717,7789,72
15508,7691,7817,126
15510,7753,7757,4
15512,7753,7759,6
15514,7691,7823,132
15516,7757,7759,2
15518,7639,7879,240
15520,7727,7793,66
15522,7699,7823,124
15524,7591,7933,342
15526,7703,7823,120
15528,7699,7829,130
15530,7741,7789,48
15532,7703,7829,126
15534,7741,7793,52
15536,7669,7867,198
15538,7589,7949,360
15540,7723,7817,94
15542,7753,7789,36
15544,7727,7817,90
15546,7757,7789,32
15548,7759,7789,30
15550,7757,7793,36
15552,7759,7793,34
15554,7687,7867,180
15556,7727,7829,102
15558,7741,7817,76
15560,7687,7873,186
15562,7643,7919,276
15564,7741,7823,82
15566,7699,7867,168
15568,7727,7841,114
15570,7753,7817,64
15572,7699,7873,174
15574,7757,7817,60
15576,7759,7817,58
15578,7699,7879,180
15580,7757,7823,66
15582,7789,7793,4
15584,7717,7867,150
15586,7757,7829,72
15588,7759,7829,70
15590,7723,7867,144
15592,7691,7901,210
15594,7753,7841,88
15596,7723,7873,150
15598,7757,7841,84
15600,7759,7841,82
15602,7723,7879,156
15604,7727,7877,150
15606,7789,7817,28
15608,7741,7867,126
15610,7793,7817,24
15612,7789,7823,34
15614,7741,7873,132
15616,7793,7823,30
15618,7789,7829,40
15620,7753,7867,114
15622,7793,7829,36
15624,7757,7867,110
15626,7759,7867,108
15628,7727,7901,174
15630,7789,7841,52
15632,7759,7873,114
15634,7793,7841,48
15636,7759,7877,118
15638,7759,7879,120
15640,7817,7823,6
15642,7789,7853,64
15644,7717,7927,210
15646,7817,7829,12
15648,7741,7907,166
15650,7723,7927,204
15652,7823,7829,6
15654,7753,7901,148
15656,7789,7867,78
15658,7817,7841,24
15660,7793,7867,74
15662,7789,7873,84
15664,7823,7841,18
15666,7793,7873,80
15668,7789,7879,90
15670,7829,7841,12
15672,7793,7879,86
15674,7741,7933,192
15676,7823,7853,30
15678,7759,7919,160
15680,7753,7927,174
15682,7829,7853,24
15684,7817,7867,50
15686,7759,7927,168
15688,7649,8039,390
15690,7823,7867,44
15692,7759,7933,174
15694,7841,7853,12
15696,7829,7867,38
15698,7687,8011,324
15700,7823,7877,54
15702,7829,7873,44
15704,7753,7951,198
15706,7829,7877,48
15708,7841,7867,26
15710,7759,7951,192
15712,7829,7883,54
15714,7841,7873,32
15716,7789,7927,138
15718,7841,7877,36
15720,7853,7867,14
15722,7789,7933,144
15724,7841,7883,42
15726,7853,7873,20
15728,7717,8011,294
15730,7853,7877,24
15732,7853,7879,26
15734,7741,7993,252
15736,7853,7883,30
15738,7789,7949,160
15740,7867,7873,6
15742,7841,7901,60
15744,7867,7877,10
15746,7867,7879,12
15748,7841,7907,66
15750,7873,7877,4
15752,7873,7879,6
15754,7853,7901,48
15756,7877,7879,2
15758,7741,8017,276
15760,7877,7883,6
15762,7879,7883,4
15764,7753,8011,258
15766,7829,7937,108
15768,7867,7901,34
15770,7759,8011,252
15772,7853,7919,66
15774,7873,7901,28
15776,7759,8017,258
15778,7877,7901,24
15780,7879,7901,22
15782,7789,7993,204
15784,7883,7901,18
15786,7879,7907,28
15788,7699,8089,390
15790,7883,7907,24
15792,7873,7919,46
15794,7867,7927,60
15796,7877,7919,42
15798,7879,7919,40
15800,7873,7927,54
15802,7883,7919,36
15804,7877,7927,50
15806,7879,7927,48
15808,7901,7907,6
15810,7883,7927,44
15812,7879,7933,54
15814,7877,7937,60
15816,7883,7933,50
15818,7867,7951,84
15820,7901,7919,18
15822,7873,7949,76
15824,7873,7951,78
15826,7907,7919,12
15828,7901,7927,26
15830,7879,7951,72
15832,7883,7949,66
15834,7907,7927,20
15836,7873,7963,90
15838,7901,7937,36
15840,7907,7933,26
15842,7879,7963,84
15844,7907,7937,30
15846,7919,7927,8
15848,7789,8059,270
15850,7901,7949,48
15852,7919,7933,14
15854,7753,8101,348
15856,7919,7937,18
15858,7907,7951,44
15860,7927,7933,6
15862,7853,8009,156
15864,7927,7937,10
15866,7873,7993,120
15868,7919,7949,30
15870,7933,7937,4
15872,7879,7993,114
15874,7793,8081,288
15876,7927,7949,22
15878,7927,7951,24
15880,7841,8039,198
15882,7933,7949,16
15884,7933,7951,18
15886,7937,7949,12
15888,7937,7951,14
15890,7927,7963,36
15892,7883,8009,126
15894,7901,7993,92
15896,7933,7963,30
15898,7829,8069,240
15900,7949,7951,2
15902,7741,8161,420
15904,7823,8081,258
15906,7867,8039,172
15908,7741,8167,426
15910,7901,8009,108
15912,7949,7963,14
15914,7951,7963,12
15916,7907,8009,102
15918,7907,8011,104
15920,7927,7993,66
15922,7883,8039,156
15924,7907,8017,110
15926,7933,7993,60
15928,7919,8009,90
15930,7937,7993,56
15932,7879,8053,174
15934,7853,8081,228
15936,7927,8009,82
15938,7927,8011,84
15940,7901,8039,138
15942,7949,7993,44
15944,7951,7993,42
15946,7937,8009,72
15948,7937,8011,74
15950,7933,8017,84
15952,7883,8069,186
15954,7937,8017,80
15956,7963,7993,30
15958,7949,8009,60
15960,7951,8009,58
15962,7951,8011,60
15964,7883,8081,198
15966,7949,8017,68
15968,7951,8017,66
15970,7901,8069,168
15972,7963,8009,46
15974,7963,8011,48
15976,7937,8039,102
15978,7919,8059,140
15980,7963,8017,54
15982,7901,8081,180
15984,7883,8101,218
15986,7933,8053,120
15988,7949,8039,90
15990,7951,8039,88
15992,7933,8059,126
15994,7907,8087,180
15996,7937,8059,122
15998,7789,8209,420
16000,7919,8081,162
16002,7993,8009,16
16004,7993,8011,18
16006,7937,8069,132
16008,7949,8059,110
16010,7993,8017,24
16012,7919,8093,174
16014,7933,8081,148
16016,7963,8053,90
16018,7949,8069,120
16020,8009,8011,2
16022,7963,8059,96
16024,7937,8087,150
16026,8009,8017,8
16028,8011,8017,6
16030,7949,8081,132
16032,7993,8039,46
16034,7933,8101,168
16036,7949,8087,138
16038,7951,8087,136
16040,7951,8089,138
16042,7949,8093,144
16044,7963,8081,118
16046,7993,8053,60
16048,8009,8039,30
16050,8011,8039,28
16052,7993,8059,66
16054,7937,8117,180
16056,8017,8039,22
16058,7879,8179,300
16060,7949,8111,162
16062,8009,8053,44
16064,8011,8053,42
16066,7949,8117,168
16068,8009,8059,50
16070,8017,8053,36
16072,7949,8123,174
16074,7993,8081,88
16076,8017,8059,42
16078,8009,8069,60
16080,8011,8069,58
16082,7993,8089,96
16084,7937,8147,210
16086,8017,8069,52
16088,7927,8161,234
16090,8009,8081,72
16092,8039,8053,14
16094,7993,8101,108
16096,8009,8087,78
16098,8039,8059,20
16100,8011,8089,78
16102,8009,8093,84
16104,8017,8087,70
16106,8017,8089,72
16108,8039,8069,30
16110,8017,8093,76
16112,8053,8059,6
16114,7883,8231,348
16116,7993,8123,130
16118,8017,8101,84
16120,8039,8081,42
16122,8053,8069,16
16124,7963,8161,198
16126,8039,8087,48
16128,8059,8069,10
16130,7963,8167,204
16132,8039,8093,54
16134,8053,8081,28
16136,7927,8209,282
16138,7919,8219,300
16140,8059,8081,22
16142,8053,8089,36
16144,7907,8237,330
16146,8059,8087,28
16148,8059,8089,30
16150,8069,8081,12
16152,8059,8093,34
16154,8053,8101,48
16156,8069,8087,18
16158,8069,8089,20
16160,8059,8101,42
16162,8069,8093,24
16164,8053,8111,58
16166,7933,8233,300
16168,8081,8087,6
16170,8081,8089,8
16172,8011,8161,150
16174,8081,8093,12
16176,8087,8089,2
16178,8017,8161,144
16180,8087,8093,6
16182,8089,8093,4
16184,8017,8167,150
16186,8069,8117,48
16188,8087,8101,14
16190,8089,8101,12
16192,8081,8111,30
16194,8093,8101,8
16196,8017,8179,162
16198,8087,8111,24
16200,8089,8111,22
16202,8011,8191,180
16204,8093,8111,18
16206,8089,8117,28
16208,8017,8191,174
16210,8093,8117,24
16212,8101,8111,10
16214,8053,8161,108
16216,8093,8123,30
16218,8101,8117,16
16220,8059,8161,102
16222,7949,8273,324
16224,8101,8123,22
16226,8059,8167,108
16228,8111,8117,6
16230,8069,8161,92
16232,8053,8179,126
16234,8111,8123,12
16236,8089,8147,58
16238,8059,8179,120
16240,8117,8123,6
16242,8081,8161,80
16244,8053,8191,138
16246,8009,8237,228
16248,8101,8147,46
16250,8089,8161,72
16252,8081,8171,90
16254,8093,8161,68
16256,8089,8167,78
16258,8111,8147,36
16260,8093,8167,74
16262,8101,8161,60
16264,8117,8147,30
16266,8087,8179,92
16268,8101,8167,66
16270,8123,8147,24
16272,8111,8161,50
16274,8053,8221,168
16276,8039,8237,198
16278,8117,8161,44
16280,8101,8179,78
16282,8111,8171,60
16284,8123,8161,38
16286,8053,8233,180
16288,8117,8171,54
16290,8123,8167,44
16292,8101,8191,90
16294,8123,8171,48
16296,8117,8179,62
16298,8089,8209,120
16300,8081,8219,138
16302,8123,8179,56
16304,8017,8287,270
16306,8087,8219,132
16308,8147,8161,14
16310,8101,8209,108
16312,8093,8219,126
16314,8147,8167,20
16316,8053,8263,210
16318,8147,8171,24
16320,8111,8209,98
16322,8101,8221,120
16324,8093,8231,138
16326,8147,8179,32
16328,8161,8167,6
16330,8111,8219,108
16332,8161,8171,10
16334,8101,8233,132
16336,8117,8219,102
16338,8167,8171,4
16340,8161,8179,18
16342,8123,8219,96
16344,8123,8221,98
16346,8167,8179,12
16348,8117,8231,114
16350,8171,8179,8
16352,8161,8191,30
16354,8123,8231,108
16356,8147,8209,62
16358,8167,8191,24
16360,8123,8237,114
16362,8171,8191,20
16364,8101,8263,162
16366,8147,8219,72
16368,8147,8221,74
16370,8179,8191,12
16372,8081,8291,210
16374,8111,8263,152
16376,8167,8209,42
16378,8147,8231,84
16380,8171,8209,38
16382,8161,8221,60
16384,8147,8237,90
16386,8167,8219,52
16388,8179,8209,30
16390,8171,8219,48
16392,8171,8221,50
16394,8161,8233,72
16396,8123,8273,150
16398,8179,8219,40
16400,8191,8209,18
16402,8171,8231,60
16404,8171,8233,62
16406,8089,8317,228
16408,8171,8237,66
16410,8191,8219,28
16412,8191,8221,30
16414,8171,8243,72
16416,8179,8237,58
16418,8101,8317,216
16420,8147,8273,126
16422,8191,8231,40
16424,8191,8233,42
16426,8039,8387,348
16428,8209,8219,10
16430,8209,8221,12
16432,8069,8363,294
16434,8191,8243,52
16436,8167,8269,102
16438,8147,8291,144
16440,8219,8221,2
16442,8209,8233,24
16444,8171,8273,102
16446,8209,8237,28
16448,8179,8269,90
16450,8219,8231,12
16452,8221,8231,10
16454,8221,8233,12
16456,8219,8237,18
16458,8221,8237,16
16460,8191,8269,78
16462,8219,8243,24
16464,8231,8233,2
16466,8179,8287,108
16468,8231,8237,6
16470,8233,8237,4
16472,8209,8263,54
16474,8231,8243,12
16476,8233,8243,10
16478,8209,8269,60
16480,8237,8243,6
16482,8219,8263,44
16484,8221,8263,42
16486,8123,8363,240
16488,8219,8269,50
16490,8221,8269,48
16492,8219,8273,54
16494,8231,8263,32
16496,8233,8263,30
16498,8111,8387,276
16500,8237,8263,26
16502,8233,8269,36
16504,8231,8273,42
16506,8243,8263,20
16508,8221,8287,66
16510,8237,8273,36
16512,8243,8269,26
16514,8221,8293,72
16516,8243,8273,30
16518,8231,8287,56
16520,8233,8287,54
16522,8231,8291,60
16524,8237,8287,50
16526,8233,8293,60
16528,8237,8291,54
16530,8243,8287,44
16532,8263,8269,6
16534,8243,8291,48
16536,8263,8273,10
16538,8221,8317,96
16540,8243,8297,54
16542,8269,8273,4
16544,8233,8311,78
16546,8123,8423,300
16548,8237,8311,74
16550,8263,8287,24
16552,8123,8429,306
16554,8263,8291,28
16556,8269,8287,18
16558,8171,8387,216
16560,8273,8287,14
16562,8269,8293,24
16564,8273,8291,18
16566,8273,8293,20
16568,8191,8377,186
16570,8273,8297,24
16572,8243,8329,86
16574,8263,8311,48
16576,8147,8429,282
16578,8287,8291,4
16580,8287,8293,6
16582,8219,8363,144
16584,8291,8293,2
16586,8269,8317,48
16588,8291,8297,6
16590,8293,8297,4
16592,8263,8329,66
16594,8231,8363,132
16596,8243,8353,110
16598,8287,8311,24
16600,8237,8363,126
16602,8291,8311,20
16604,8293,8311,18
16606,8243,8363,120
16608,8297,8311,14
16610,8293,8317,24
16612,8243,8369,126
16614,8297,8317,20
16616,8287,8329,42
16618,8231,8387,156
16620,8291,8329,38
16622,8293,8329,36
16624,8237,8387,150
16626,8297,8329,32
16628,8311,8317,6
16630,8243,8387,144
16632,8269,8363,94
16634,8191,8443,252
16636,8273,8363,90
16638,8269,8369,100
16640,8311,8329,18
16642,8273,8369,96
16644,8291,8353,62
16646,8317,8329,12
16648,8219,8429,210
16650,8297,8353,56
16652,8263,8389,126
16654,8291,8363,72
16656,8293,8363,70
16658,8269,8389,120
16660,8297,8363,66
16662,8293,8369,76
16664,8311,8353,42
16666,8297,8369,72
16668,8291,8377,86
16670,8317,8353,36
16672,8243,8429,186
16674,8311,8363,52
16676,8287,8389,102
16678,8291,8387,96
16680,8317,8363,46
16682,8329,8353,24
16684,8297,8387,90
16686,8317,8369,52
16688,8311,8377,66
16690,8243,8447,204
16692,8329,8363,34
16694,8317,8377,60
16696,8273,8423,150
16698,8329,8369,40
16700,8311,8389,78
16702,8273,8429,156
16704,8317,8387,70
16706,8329,8377,48
16708,8171,8537,366
16710,8291,8419,128
16712,8293,8419,126
16714,8291,8423,132
16716,8353,8363,10
16718,8329,8389,60
16720,8297,8423,126
16722,8353,8369,16
16724,8293,8431,138
16726,8297,8429,132
16728,8297,8431,134
16730,8353,8377,24
16732,8363,8369,6
16734,8311,8423,112
16736,8317,8419,102
16738,8291,8447,156
16740,8363,8377,14
16742,8353,8389,36
16744,8297,8447,150
16746,8369,8377,8
16748,8329,8419,90
16750,8363,8387,24
16752,8363,8389,26
16754,8311,8443,132
16756,8369,8387,18
16758,8369,8389,20
16760,8329,8431,102
16762,8219,8543,324
16764,8377,8387,10
16766,8377,8389,12
16768,8231,8537,306
16770,8269,8501,232
16772,8353,8419,66
16774,8273,8501,228
16776,8387,8389,2
16778,8317,8461,144
16780,8243,8537,294
16782,8363,8419,56
16784,8353,8431,78
16786,8363,8423,60
16788,8369,8419,50
16790,8329,8461,132
16792,8369,8423,54
16794,8363,8431,68
16796,8377,8419,42
16798,8369,8429,60
16800,8377,8423,46
16802,8263,8539,276
16804,8291,8513,222
16806,8387,8419,32
16808,8389,8419,30
16810,8387,8423,36
16812,8389,8423,34
16814,8353,8461,108
16816,8387,8429,42
16818,8389,8429,40
16820,8389,8431,42
16822,8123,8699,576
16824,8377,8447,70
16826,8287,8539,252
16828,8291,8537,246
16830,8387,8443,56
16832,8389,8443,54
16834,8387,8447,60
16836,8389,8447,58
16838,8377,8461,84
16840,8297,8543,246
16842,8419,8423,4
16844,8377,8467,90
16846,8273,8573,300
16848,8419,8429,10
16850,8419,8431,12
16852,8423,8429,6
16854,8423,8431,8
16856,8389,8467,78
16858,8231,8627,396
16860,8429,8431,2
16862,8419,8443,24
16864,8363,8501,138
16866,8423,8443,20
16868,8329,8539,210
16870,8423,8447,24
16872,8429,8443,14
16874,8431,8443,12
16876,8429,8447,18
16878,8431,8447,16
16880,8419,8461,42
16882,8369,8513,144
16884,8423,8461,38
16886,8419,8467,48
16888,8387,8501,114
16890,8443,8447,4
16892,8431,8461,30
16894,8297,8597,300
16896,8429,8467,38
16898,8431,8467,36
16900,8387,8513,126
16902,8389,8513,124
16904,8443,8461,18
16906,8369,8537,168
16908,8447,8461,14
16910,8443,8467,24
16912,8369,8543,174
16914,8447,8467,20
16916,8389,8527,138
16918,8291,8627,336
16920,8419,8501,82
16922,8293,8629,336
16924,8423,8501,78
16926,8389,8537,148
16928,8461,8467,6
16930,8429,8501,72
16932,8431,8501,70
16934,8353,8581,228
16936,8423,8513,90
16938,8329,8609,280
16940,8419,8521,102
16942,8429,8513,84
16944,8443,8501,58
16946,8419,8527,108
16948,8447,8501,54
16950,8429,8521,92
16952,8431,8521,90
16954,8291,8663,372
16956,8443,8513,70
16958,8431,8527,96
16960,8447,8513,66
16962,8461,8501,40
16964,8443,8521,78
16966,8429,8537,108
16968,8467,8501,34
16970,8443,8527,84
16972,8429,8543,114
16974,8461,8513,52
16976,8377,8599,222
16978,8369,8609,240
16980,8467,8513,46
16982,8461,8521,60
16984,8447,8537,90
16986,8447,8539,92
16988,8467,8521,54
16990,8447,8543,96
16992,8429,8563,134
16994,8467,8527,60
16996,8423,8573,150
16998,8461,8537,76
17000,8461,8539,78
17002,8429,8573,144
17004,8467,8537,70
17006,8467,8539,72
17008,8171,8837,666
17010,8467,8543,76
17012,8431,8581,150
17014,8501,8513,12
17016,8443,8573,130
17018,8419,8599,180
17020,8447,8573,126
17022,8501,8521,20
17024,8461,8563,102
17026,8429,8597,168
17028,8501,8527,26
17030,8467,8563,96
17032,8423,8609,186
17034,8513,8521,8
17036,8389,8647,258
17038,8501,8537,36
17040,8513,8527,14
17042,8461,8581,120
17044,8501,8543,42
17046,8447,8599,152
17048,8521,8527,6
17050,8513,8537,24
17052,8513,8539,26
17054,8431,8623,192
17056,8513,8543,30
17058,8521,8537,16
17060,8521,8539,18
17062,8369,8693,324
17064,8527,8537,10
17066,8527,8539,12
17068,8387,8681,294
17070,8527,8543,16
17072,8443,8629,186
17074,8501,8573,72
17076,8537,8539,2
17078,8431,8647,216
17080,8537,8543,6
17082,8539,8543,4
17084,8521,8563,42
17086,8513,8573,60
17088,8461,8627,166
17090,8527,8563,36
17092,8429,8663,234
17094,8521,8573,52
17096,8467,8629,162
17098,8501,8597,96
17100,8537,8563,26
17102,8539,8563,24
17104,8423,8681,258
17106,8543,8563,20
17108,8527,8581,54
17110,8537,8573,36
17112,8539,8573,34
17114,8467,8647,180
17116,8543,8573,30
17118,8537,8581,44
17120,8539,8581,42
17122,8513,8609,96
17124,8543,8581,38
17126,8527,8599,72
17128,8501,8627,126
17130,8521,8609,88
17132,8443,8689,246
17134,8537,8597,60
17136,8563,8573,10
17138,8539,8599,60
17140,8543,8597,54
17142,8543,8599,56
17144,8563,8581,18
17146,8537,8609,72
17148,8539,8609,70
17150,8527,8623,96
17152,8543,8609,66
17154,8573,8581,8
17156,8527,8629,102
17158,8297,8861,564
17160,8563,8597,34
17162,8563,8599,36
17164,8537,8627,90
17166,8543,8623,80
17168,8539,8629,90
17170,8573,8597,24
17172,8573,8599,26
17174,8527,8647,120
17176,8513,8663,150
17178,8581,8597,16
17180,8581,8599,18
17182,8573,8609,36
17184,8543,8641,98
17186,8563,8623,60
17188,8447,8741,294
17190,8581,8609,28
17192,8563,8629,66
17194,8513,8681,168
17196,8597,8599,2
17198,8521,8677,156
17200,8573,8627,54
17202,8573,8629,56
17204,8581,8623,42
17206,8597,8609,12
17208,8599,8609,10
17210,8581,8629,48
17212,8543,8669,126
17214,8573,8641,68
17216,8539,8677,138
17218,8537,8681,144
17220,8597,8623,26
17222,8599,8623,24
17224,8597,8627,30
17226,8599,8627,28
17228,8599,8629,30
17230,8537,8693,156
17232,8609,8623,14
17234,8527,8707,180
17236,8609,8627,18
17238,8609,8629,20
17240,8599,8641,42
17242,8573,8669,96
17244,8597,8647,50
17246,8599,8647,48
17248,8501,8747,246
17250,8623,8627,4
17252,8623,8629,6
17254,8573,8681,108
17256,8627,8629,2
17258,8581,8677,96
17260,8597,8663,66
17262,8599,8663,64
17264,8623,8641,18
17266,8597,8669,72
17268,8627,8641,14
17270,8629,8641,12
17272,8609,8663,54
17274,8627,8647,20
17276,8629,8647,18
17278,8609,8669,60
17280,8599,8681,82
17282,8563,8719,156
17284,8543,8741,198
17286,8623,8663,40
17288,8641,8647,6
17290,8627,8663,36
17292,8629,8663,34
17294,8581,8713,132
17296,8627,8669,42
17298,8629,8669,40
17300,8623,8677,54
17302,8609,8693,84
17304,8641,8663,22
17306,8629,8677,48
17308,8627,8681,54
17310,8647,8663,16
17312,8623,8689,66
17314,8573,8741,168
17316,8647,8669,22
17318,8641,8677,36
17320,8627,8693,66
17322,8641,8681,40
17324,8647,8677,30
17326,8627,8699,72
17328,8647,8681,34
17330,8641,8689,48
17332,8663,8669,6
17334,8641,8693,52
17336,8647,8689,42
17338,8597,8741,144
17340,8663,8677,14
17342,8629,8713,84
17344,8663,8681,18
17346,8669,8677,8
17348,8641,8707,66
17350,8669,8681,12
17352,8663,8689,26
17354,8647,8707,60
17356,8663,8693,30
17358,8677,8681,4
17360,8647,8713,66
17362,8669,8693,24
17364,8627,8737,110
17366,8677,8689,12
17368,8669,8699,30
17370,8681,8689,8
17372,8641,8731,90
17374,8681,8693,12
17376,8677,8699,22
17378,8647,8731,84
17380,8681,8699,18
17382,8689,8693,4
17384,8677,8707,30
17386,8537,8849,312
17388,8689,8699,10
17390,8677,8713,36
17392,8693,8699,6
17394,8681,8713,32
17396,8689,8707,18
17398,8537,8861,324
17400,8693,8707,14
17402,8689,8713,24
17404,8663,8741,78
17406,8699,8707,8
17408,8689,8719,30
17410,8669,8741,72
17412,8699,8713,14
17414,8677,8737,60
17416,8669,8747,78
17418,8699,8719,20
17420,8707,8713,6
17422,8681,8741,60
17424,8693,8731,38
17426,8707,8719,12
17428,8681,8747,66
17430,8699,8731,32
17432,8713,8719,6
17434,8693,8741,48
17436,8699,8737,38
17438,8707,8731,24
17440,8699,8741,42
17442,8689,8753,64
17444,8713,8731,18
17446,8699,8747,48
17448,8707,8741,34
17450,8719,8731,12
17452,8699,8753,54
17454,8713,8741,28
17456,8719,8737,18
17458,8627,8831,204
17460,8719,8741,22
17462,8641,8821,180
17464,8681,8783,102
17466,8719,8747,28
17468,8731,8737,6
17470,8663,8807,144
17472,8731,8741,10
17474,8713,8761,48
17476,8693,8783,90
17478,8737,8741,4
17480,8719,8761,42
17482,8699,8783,84
17484,8737,8747,10
17486,8707,8779,72
17488,8741,8747,6
17490,8737,8753,16
17492,8731,8761,30
17494,8741,8753,12
17496,8713,8783,70
17498,8737,8761,24
17500,8747,8753,6
17502,8741,8761,20
17504,8641,8863,222
17506,8699,8807,108
17508,8747,8761,14
17510,8731,8779,48
17512,8693,8819,126
17514,8753,8761,8
17516,8737,8779,42
17518,8699,8819,120
17520,8741,8779,38
17522,8719,8803,84
17524,8741,8783,42
17526,8747,8779,32
17528,8707,8821,114
17530,8747,8783,36
17532,8753,8779,26
17534,8731,8803,72
17536,8753,8783,30
17538,8731,8807,76
17540,8761,8779,18
17542,8693,8849,156
17544,8761,8783,22
17546,8707,8839,132
17548,8741,8807,66
17550,8747,8803,56
17552,8731,8821,90
17554,8747,8807,60
17556,8753,8803,50
17558,8737,8821,84
17560,8753,8807,54
17562,8779,8783,4
17564,8761,8803,42
17566,8747,8819,72
17568,8761,8807,46
17570,8731,8839,108
17572,8753,8819,66
17574,8753,8821,68
17576,8737,8839,102
17578,8747,8831,84
17580,8761,8819,58
17582,8779,8803,24
17584,8753,8831,78
17586,8783,8803,20
17588,8647,8941,294
17590,8783,8807,24
17592,8761,8831,70
17594,8731,8863,132
17596,8747,8849,102
17598,8779,8819,40
17600,8779,8821,42
17602,8783,8819,36
17604,8783,8821,38
17606,8719,8887,168
17608,8747,8861,114
17610,8803,8807,4
17612,8719,8893,174
17614,8783,8831,48
17616,8779,8837,58
17618,8779,8839,60
17620,8783,8837,54
17622,8803,8819,16
17624,8803,8821,18
17626,8807,8819,12
17628,8807,8821,14
17630,8737,8893,156
17632,8783,8849,66
17634,8803,8831,28
17636,8713,8923,210
17638,8807,8831,24
17640,8819,8821,2
17642,8803,8839,36
17644,8807,8837,30
17646,8807,8839,32
17648,8761,8887,126
17650,8819,8831,12
17652,8821,8831,10
17654,8761,8893,132
17656,8819,8837,18
17658,8821,8837,16
17660,8821,8839,18
17662,8699,8963,264
17664,8803,8861,58
17666,8803,8863,60
17668,8831,8837,6
17670,8831,8839,8
17672,8779,8893,114
17674,8807,8867,60
17676,8837,8839,2
17678,8737,8941,204
17680,8831,8849,18
17682,8821,8861,40
17684,8821,8863,42
17686,8837,8849,12
17688,8839,8849,10
17690,8803,8887,84
17692,8831,8861,30
17694,8831,8863,32
17696,8803,8893,90
17698,8837,8861,24
17700,8839,8861,22
17702,8839,8863,24
17704,8837,8867,30
17706,8839,8867,28
17708,8821,8887,66
17710,8849,8861,12
17712,8849,8863,14
17714,8821,8893,72
17716,8849,8867,18
17718,8831,8887,56
17720,8779,8941,162
17722,8753,8969,216
17724,8861,8863,2
17726,8839,8887,48
17728,8861,8867,6
17730,8863,8867,4
17732,8839,8893,54
17734,8783,8951,168
17736,8849,8887,38
17738,8737,9001,264
17740,8807,8933,126
17742,8849,8893,44
17744,8821,8923,102
17746,8783,8963,180
17748,8861,8887,26
17750,8863,8887,24
17752,8819,8933,114
17754,8867,8887,20
17756,8863,8893,30
17758,8807,8951,144
17760,8867,8893,26
17762,8839,8923,84
17764,8831,8933,102
17766,8837,8929,92
17768,8839,8929,90
17770,8837,8933,96
17772,8849,8923,74
17774,8803,8971,168
17776,8807,8969,162
17778,8849,8929,80
17780,8887,8893,6
17782,8849,8933,84
17784,8861,8923,62
17786,8863,8923,60
17788,8837,8951,114
17790,8867,8923,56
17792,8863,8929,66
17794,8861,8933,72
17796,8867,8929,62
17798,8731,9067,336
17800,8867,8933,66
17802,8861,8941,80
17804,8863,8941,78
17806,8837,8969,132
17808,8867,8941,74
17810,8887,8923,36
17812,8861,8951,90
17814,8863,8951,88
17816,8893,8923,30
17818,8867,8951,84
17820,8887,8933,46
17822,8893,8929,36
17824,8861,8963,102
17826,8893,8933,40
17828,8887,8941,54
17830,8867,8963,96
17832,8863,8969,106
17834,8893,8941,48
17836,8867,8969,102
17838,8887,8951,64
17840,8839,9001,162
17842,8831,9011,180
17844,8893,8951,58
17846,8839,9007,168
17848,8849,8999,150
17850,8887,8963,76
17852,8923,8929,6
17854,8693,9161,468
17856,8923,8933,10
17858,8887,8971,84
17860,8861,8999,138
17862,8929,8933,4
17864,8923,8941,18
17866,8867,8999,132
17868,8867,9001,134
17870,8929,8941,12
17872,8861,9011,150
17874,8933,8941,8
17876,8863,9013,150
17878,8867,9011,144
17880,8929,8951,22
17882,8839,9043,204
17884,8933,8951,18
17886,8923,8963,40
17888,8887,9001,114
17890,8861,9029,168
17892,8941,8951,10
17894,8923,8971,48
17896,8933,8963,30
17898,8929,8969,40
17900,8929,8971,42
17902,8933,8969,36
17904,8941,8963,22
17906,8893,9013,120
17908,8867,9041,174
17910,8941,8969,28
17912,8941,8971,30
17914,8951,8963,12
17916,8887,9029,142
17918,8761,9157,396
17920,8951,8969,18
17922,8951,8971,20
17924,8923,9001,78
17926,8867,9059,192
17928,8929,8999,70
17930,8929,9001,72
17932,8963,8969,6
17934,8963,8971,8
17936,8929,9007,78
17938,8699,9239,540
17940,8969,8971,2
17942,8941,9001,60
17944,8933,9011,78
17946,8933,9013,80
17948,8941,9007,66
17950,8951,8999,48
17952,8951,9001,50
17954,8941,9013,72
17956,8819,9137,318
17958,8951,9007,56
17960,8893,9067,174
17962,8963,8999,36
17964,8963,9001,38
17966,8923,9043,120
17968,8969,8999,30
17970,8971,8999,28
17972,8971,9001,30
17974,8963,9011,48
17976,8969,9007,38
17978,8971,9007,36
17980,8969,9011,42
17982,8971,9011,40
17984,8971,9013,42
17986,8849,9137,288
17988,8929,9059,130
17990,8941,9049,108
17992,8963,9029,66
17994,8951,9043,92
17996,8929,9067,138
17998,8969,9029,60
18000,8999,9001,2
18002,8893,9109,216
18004,8963,9041,78
18006,8999,9007,8
18008,9001,9007,6
18010,8999,9011,12
18012,9001,9011,10
18014,9001,9013,12
18016,8807,9209,402
18018,9007,9011,4
18020,9007,9013,6
18022,8963,9059,96
18024,9011,9013,2
18026,8923,9103,180
18028,8999,9029,30
18030,9001,9029,28
18032,8941,9091,150
18034,8861,9173,312
18036,9007,9029,22
18038,8971,9067,96
18040,9011,9029,18
18042,9013,9029,16
18044,9001,9043,42
18046,8837,9209,372
18048,9007,9041,34
18050,9007,9043,36
18052,9011,9041,30
18054,9013,9041,28
18056,9013,9043,30
18058,8999,9059,60
18060,9011,9049,38
18062,9013,9049,36
18064,8861,9203,342
18066,9007,9059,52
18068,9001,9067,66
18070,9029,9041,12
18072,9029,9043,14
18074,9007,9067,60
18076,8867,9209,342
18078,9029,9049,20
18080,9013,9067,54
18082,8861,9221,360
18084,9041,9043,2
18086,8929,9157,228
18088,9029,9059,30
18090,9041,9049,8
18092,9043,9049,6
18094,8933,9161,228
18096,9029,9067,38
18098,9007,9091,84
18100,9041,9059,18
18102,9043,9059,16
18104,9013,9091,78
18106,8969,9137,168
18108,9049,9059,10
18110,9043,9067,24
18112,8951,9161,210
18114,9011,9103,92
18116,9049,9067,18
18118,8861,9257,396
18120,9029,9091,62
18122,9013,9109,96
18124,8963,9161,198
18126,9059,9067,8
18128,9001,9127,126
18130,8969,9161,192
18132,9041,9091,50
18134,9043,9091,48
18136,8999,9137,138
18138,9029,9109,80
18140,9049,9091,42
18142,8969,9173,204
18144,9041,9103,62
18146,9043,9103,60
18148,9011,9137,126
18150,9059,9091,32
18152,9049,9103,54
18154,8951,9203,252
18156,9029,9127,98
18158,9067,9091,24
18160,8999,9161,162
18162,9059,9103,44
18164,9013,9151,138
18166,9029,9137,108
18168,9059,9109,50
18170,9067,9103,36
18172,9011,9161,150
18174,9041,9133,92
18176,9067,9109,42
18178,9041,9137,96
18180,9043,9137,94
18182,9049,9133,84
18184,9011,9173,162
18186,9059,9127,68
18188,9007,9181,174
18190,9029,9161,132
18192,9059,9133,74
18194,9091,9103,12
18196,9059,9137,78
18198,9041,9157,116
18200,9091,9109,18
18202,9041,9161,120
18204,9067,9137,70
18206,9049,9157,108
18208,8999,9209,210
18210,9059,9151,92
18212,9103,9109,6
18214,9041,9173,132
18216,9059,9157,98
18218,9091,9127,36
18220,9059,9161,102
18222,9049,9173,124
18224,9091,9133,42
18226,8999,9227,228
18228,9091,9137,46
18230,9103,9127,24
18232,9059,9173,114
18234,9013,9221,208
18236,9109,9127,18
18238,9029,9209,180
18240,9103,9137,34
18242,9109,9133,24
18244,9041,9203,162
18246,9109,9137,28
18248,9091,9157,66
18250,9041,9209,168
18252,9091,9161,70
18254,9103,9151,48
18256,9029,9227,198
18258,9059,9199,140
18260,9127,9133,6
18262,9059,9203,144
18264,9127,9137,10
18266,9109,9157,48
18268,9059,9209,150
18270,9133,9137,4
18272,9091,9181,90
18274,8963,9311,348
18276,9103,9173,70
18278,9127,9151,24
18280,9059,9221,162
18282,9109,9173,64
18284,9133,9151,18
18286,9059,9227,168
18288,9137,9151,14
18290,9133,9157,24
18292,9011,9281,270
18294,9137,9157,20
18296,9109,9187,78
18298,9137,9161,24
18300,9127,9173,46
18302,9103,9199,96
18304,9011,9293,282
18306,9133,9173,40
18308,9151,9157,6
18310,9137,9173,36
18312,9151,9161,10
18314,9133,9181,48
18316,9059,9257,198
18318,9157,9161,4
18320,9133,9187,54
18322,9041,9281,240
18324,9151,9173,22
18326,9127,9199,72
18328,8951,9377,426
18330,9157,9173,16
18332,9151,9181,30
18334,9161,9173,12
18336,9137,9199,62
18338,9157,9181,24
18340,9137,9203,66
18342,9161,9181,20
18344,9157,9187,30
18346,9137,9209,72
18348,9161,9187,26
18350,9151,9199,48
18352,9059,9293,234
18354,9173,9181,8
18356,9157,9199,42
18358,9137,9221,84
18360,9173,9187,14
18362,9043,9319,276
18364,9161,9203,42
18366,9157,9209,52
18368,9181,9187,6
18370,9161,9209,48
18372,9173,9199,26
18374,9133,9241,108
18376,9173,9203,30
18378,9157,9221,64
18380,9181,9199,18
18382,9173,9209,36
18384,9181,9203,22
18386,9187,9199,12
18388,9161,9227,66
18390,9187,9203,16
18392,9151,9241,90
18394,9173,9221,48
18396,9187,9209,22
18398,9157,9241,84
18400,9173,9227,54
18402,9199,9203,4
18404,9127,9277,150
18406,9029,9377,348
18408,9199,9209,10
18410,9133,9277,144
18412,9203,9209,6
18414,9187,9227,40
18416,9133,9283,150
18418,9161,9257,96
18420,9199,9221,22
18422,9181,9241,60
18424,9203,9221,18
18426,9199,9227,28
18428,9187,9241,54
18430,9209,9221,12
18432,9151,9281,130
18434,9157,9277,120
18436,9209,9227,18
18438,9199,9239,40
18440,9199,9241,42
18442,9203,9239,36
18444,9203,9241,38
18446,9127,9319,192
18448,9221,9227,6
18450,9209,9241,32
18452,9133,9319,186
18454,9173,9281,108
18456,9199,9257,58
18458,9181,9277,96
18460,9221,9239,18
18462,9221,9241,20
18464,9187,9277,90
18466,9227,9239,12
18468,9227,9241,14
18470,9187,9283,96
18472,9161,9311,150
18474,9181,9293,112
18476,9199,9277,78
18478,9221,9257,36
18480,9239,9241,2
18482,9199,9283,84
18484,9227,9257,30
18486,9209,9277,68
18488,9151,9337,186
18490,9209,9281,72
18492,9209,9283,74
18494,9157,9337,180
18496,9239,9257,18
18498,9241,9257,16
18500,9181,9319,138
18502,9221,9281,60
18504,9227,9277,50
18506,9187,9319,132
18508,9227,9281,54
18510,9227,9283,56
18512,9109,9403,294
18514,9221,9293,72
18516,9239,9277,38
18518,9241,9277,36
18520,9239,9281,42
18522,9241,9281,40
18524,9241,9283,42
18526,9203,9323,120
18528,9209,9319,110
18530,9187,9343,156
18532,9239,9293,54
18534,9257,9277,20
18536,9199,9337,138
18538,9257,9281,24
18540,9257,9283,26
18542,9199,9343,144
18544,9221,9323,102
18546,9227,9319,92
18548,9199,9349,150
18550,9257,9293,36
18552,9241,9311,70
18554,9157,9397,240
18556,9137,9419,282
18558,9277,9281,4
18560,9277,9283,6
18562,9239,9323,84
18564,9281,9283,2
18566,9133,9433,300
18568,9257,9311,54
18570,9277,9293,16
18572,9181,9391,210
18574,9281,9293,12
18576,9283,9293,10
18578,9241,9337,96
18580,9257,9323,66
18582,9241,9341,100
18584,9241,9343,102
18586,9209,9377,168
18588,9277,9311,34
18590,9241,9349,108
18592,9281,9311,30
18594,9283,9311,28
18596,9277,9319,42
18598,9257,9341,84
18600,9281,9319,38
18602,9283,9319,36
18604,9293,9311,18
18606,9283,9323,40
18608,9187,9421,234
18610,9239,9371,132
18612,9293,9319,26
18614,9277,9337,60
18616,9293,9323,30
18618,9281,9337,56
18620,9283,9337,54
18622,9281,9341,60
18624,9283,9341,58
18626,9283,9343,60
18628,9257,9371,114
18630,9311,9319,8
18632,9283,9349,66
18634,9311,9323,12
18636,9293,9343,50
18638,9241,9397,156
18640,9227,9413,186
18642,9319,9323,4
18644,9241,9403,162
18646,9227,9419,192
18648,9311,9337,26
18650,9187,9463,276
18652,9311,9341,30
18654,9311,9343,32
18656,9319,9337,18
18658,9281,9377,96
18660,9323,9337,14
18662,9319,9343,24
18664,9323,9341,18
18666,9323,9343,20
18668,9319,9349,30
18670,9293,9377,84
18672,9323,9349,26
18674,9283,9391,108
18676,9257,9419,162
18678,9337,9341,4
18680,9337,9343,6
18682,9311,9371,60
18684,9341,9343,2
18686,9337,9349,12
18688,9311,9377,66
18690,9341,9349,8
18692,9343,9349,6
18694,9323,9371,48
18696,9319,9377,58
18698,9277,9421,144
18700,9323,9377,54
18702,9311,9391,80
18704,9283,9421,138
18706,9293,9413,120
18708,9337,9371,34
18710,9319,9391,72
18712,9341,9371,30
18714,9343,9371,28
18716,9319,9397,78
18718,9341,9377,36
18720,9349,9371,22
18722,9319,9403,84
18724,9311,9413,102
18726,9349,9377,28
18728,9337,9391,54
18730,9311,9419,108
18732,9341,9391,50
18734,9343,9391,48
18736,9323,9413,90
18738,9341,9397,56
18740,9349,9391,42
18742,9323,9419,96
18744,9341,9403,62
18746,9349,9397,48
18748,9371,9377,6
18750,9337,9413,76
18752,9349,9403,54
18754,9341,9413,72
18756,9343,9413,70
18758,9337,9421,84
18760,9341,9419,78
18762,9371,9391,20
18764,9343,9421,78
18766,9293,9473,180
18768,9377,9391,14
18770,9349,9421,72
18772,9341,9431,90
18774,9377,9397,20
18776,9343,9433,90
18778,9341,9437,96
18780,9377,9403,26
18782,9349,9433,84
18784,9371,9413,42
18786,9349,9437,88
18788,9391,9397,6
18790,9377,9413,36
18792,9371,9421,50
18794,9391,9403,12
18796,9377,9419,42
18798,9377,9421,44
18800,9397,9403,6
18802,9371,9431,60
18804,9391,9413,22
18806,9343,9463,120
18808,9377,9431,54
18810,9397,9413,16
18812,9391,9421,30
18814,9377,9437,60
18816,9403,9413,10
18818,9397,9421,24
18820,9341,9479,138
18822,9403,9419,16
18824,9403,9421,18
18826,9293,9533,240
18828,9397,9431,34
18830,9397,9433,36
18832,9413,9419,6
18834,9413,9421,8
18836,9403,9433,30
18838,9377,9461,84
18840,9419,9421,2
18842,9403,9439,36
18844,9413,9431,18
18846,9413,9433,20
18848,9337,9511,174
18850,9419,9431,12
18852,9421,9431,10
18854,9421,9433,12
18856,9419,9437,18
18858,9421,9437,16
18860,9421,9439,18
18862,9371,9491,120
18864,9431,9433,2
18866,9403,9463,60
18868,9431,9437,6
18870,9433,9437,4
18872,9433,9439,6
18874,9413,9461,48
18876,9437,9439,2
18878,9277,9601,324
18880,9419,9461,42
18882,9421,9461,40
18884,9421,9463,42
18886,9419,9467,48
18888,9421,9467,46
18890,9343,9547,204
18892,9431,9461,30
18894,9433,9461,28
18896,9433,9463,30
18898,9437,9461,24
18900,9439,9461,22
18902,9439,9463,24
18904,9437,9467,30
18906,9439,9467,28
18908,9397,9511,114
18910,9437,9473,36
18912,9439,9473,34
18914,9403,9511,108
18916,9437,9479,42
18918,9439,9479,40
18920,9319,9601,282
18922,9431,9491,60
18924,9461,9463,2
18926,9283,9643,360
18928,9461,9467,6
18930,9463,9467,4
18932,9421,9511,90
18934,9461,9473,12
18936,9463,9473,10
18938,9391,9547,156
18940,9467,9473,6
18942,9463,9479,16
18944,9433,9511,78
18946,9467,9479,12
18948,9437,9511,74
18950,9439,9511,72
18952,9473,9479,6
18954,9463,9491,28
18956,9343,9613,270
18958,9467,9491,24
18960,9463,9497,34
18962,9349,9613,264
18964,9473,9491,18
18966,9433,9533,100
18968,9421,9547,126
18970,9479,9491,12
18972,9461,9511,50
18974,9463,9511,48
18976,9479,9497,18
18978,9467,9511,44
18980,9433,9547,114
18982,9461,9521,60
18984,9473,9511,38
18986,9439,9547,108
18988,9491,9497,6
18990,9479,9511,32
18992,9391,9601,210
18994,9473,9521,48
18996,9463,9533,70
18998,9397,9601,204
19000,9479,9521,42
19002,9491,9511,20
19004,9403,9601,198
19006,9473,9533,60
19008,9497,9511,14
19010,9463,9547,84
19012,9491,9521,30
19014,9467,9547,80
19016,9403,9613,210
19018,9497,9521,24
19020,9473,9547,74
19022,9421,9601,180
19024,9491,9533,42
19026,9479,9547,68
19028,9397,9631,234
19030,9497,9533,36
19032,9511,9521,10
19034,9433,9601,168
19036,9497,9539,42
19038,9491,9547,56
19040,9439,9601,162
19042,9491,9551,60
19044,9511,9533,22
19046,9433,9613,180
19048,9497,9551,54
19050,9511,9539,28
19052,9439,9613,174
19054,9521,9533,12
19056,9437,9619,182
19058,9511,9547,36
19060,9521,9539,18
19062,9511,9551,40
19064,9463,9601,138
19066,9479,9587,108
19068,9521,9547,26
19070,9439,9631,192
19072,9533,9539,6
19074,9473,9601,128
19076,9463,9613,150
19078,9491,9587,96
19080,9533,9547,14
19082,9463,9619,156
19084,9533,9551,18
19086,9539,9547,8
19088,9439,9649,210
19090,9539,9551,12
19092,9491,9601,110
19094,9463,9631,168
19096,9473,9623,150
19098,9547,9551,4
19100,9439,9661,222
19102,9479,9623,144
19104,9491,9613,122
19106,9463,9643,180
19108,9521,9587,66
19110,9497,9613,116
19112,9511,9601,90
19114,9491,9623,132
19116,9497,9619,122
19118,9439,9679,240
19120,9533,9587,54
19122,9521,9601,80
19124,9511,9613,102
19126,9539,9587,48
19128,9497,9631,134
19130,9511,9619,108
19132,9413,9719,306
19134,9547,9587,40
19136,9439,9697,258
19138,9551,9587,36
19140,9539,9601,62
19142,9511,9631,120
19144,9521,9623,102
19146,9533,9613,80
19148,9547,9601,54
19150,9521,9629,108
19152,9551,9601,50
19154,9511,9643,132
19156,9533,9623,90
19158,9539,9619,80
19160,9547,9613,66
19162,9539,9623,84
19164,9551,9613,62
19166,9547,9619,72
19168,9539,9629,90
19170,9551,9619,68
19172,9511,9661,150
19174,9551,9623,72
19176,9547,9629,82
19178,9547,9631,84
19180,9551,9629,78
19182,9551,9631,80
19184,9463,9721,258
19186,9497,9689,192
19188,9587,9601,14
19190,9547,9643,96
19192,9473,9719,246
19194,9551,9643,92
19196,9547,9649,102
19198,9521,9677,156
19200,9587,9613,26
19202,9463,9739,276
19204,9461,9743,282
19206,9587,9619,32
19208,9547,9661,114
19210,9587,9623,36
19212,9551,9661,110
19214,9601,9613,12
19216,9587,9629,42
19218,9587,9631,44
19220,9601,9619,18
19222,9533,9689,156
19224,9601,9623,22
19226,9547,9679,132
19228,9551,9677,126
19230,9601,9629,28
19232,9613,9619,6
19234,9491,9743,252
19236,9613,9623,10
19238,9421,9817,396
19240,9551,9689,138
19242,9619,9623,4
19244,9613,9631,18
19246,9497,9749,252
19248,9619,9629,10
19250,9619,9631,12
19252,9623,9629,6
19254,9623,9631,8
19256,9613,9643,30
19258,9539,9719,180
19260,9629,9631,2
19262,9619,9643,24
19264,9587,9677,90
19266,9623,9643,20
19268,9619,9649,30
19270,9551,9719,168
19272,9629,9643,14
19274,9631,9643,12
19276,9587,9689,102
19278,9629,9649,20
19280,9631,9649,18
19282,9539,9743,204
19284,9623,9661,38
19286,9547,9739,192
19288,9539,9749,210
19290,9629,9661,32
19292,9643,9649,6
19294,9551,9743,192
19296,9619,9677,58
19298,9619,9679,60
19300,9623,9677,54
19302,9623,9679,56
19304,9643,9661,18
19306,9629,9677,48
19308,9631,9677,46
19310,9649,9661,12
19312,9623,9689,66
19314,9547,9767,220
19316,9619,9697,78
19318,9629,9689,60
19320,9643,9677,34
19322,9643,9679,36
19324,9533,9791,258
19326,9649,9677,28
19328,9649,9679,30
19330,9587,9743,156
19332,9643,9689,46
19334,9613,9721,108
19336,9587,9749,162
19338,9661,9677,16
19340,9661,9679,18
19342,9623,9719,96
19344,9623,9721,98
19346,9649,9697,48
19348,9629,9719,90
19350,9661,9689,28
19352,9631,9721,90
19354,9587,9767,180
19356,9677,9679,2
19358,9661,9697,36
19360,9521,9839,318
19362,9643,9719,76
19364,9643,9721,78
19366,9677,9689,12
19368,9679,9689,10
19370,9649,9721,72
19372,9629,9743,114
19374,9677,9697,20
19376,9679,9697,18
19378,9629,9749,120
19380,9661,9719,58
19382,9661,9721,60
19384,9551,9833,282
19386,9689,9697,8
19388,9649,9739,90
19390,9623,9767,144
19392,9649,9743,94
19394,9661,9733,72
19396,9677,9719,42
19398,9679,9719,40
19400,9679,9721,42
19402,9551,9851,300
19404,9661,9743,82
19406,9619,9787,168
19408,9689,9719,30
19410,9689,9721,32
19412,9679,9733,54
19414,9623,9791,168
19416,9697,9719,22
19418,9697,9721,24
19420,9677,9743,66
19422,9689,9733,44
19424,9643,9781,138
19426,9677,9749,72
19428,9689,9739,50
19430,9697,9733,36
19432,9689,9743,54
19434,9643,9791,148
19436,9697,9739,42
19438,9689,9749,60
19440,9719,9721,2
19442,9661,9781,120
19444,9677,9767,90
19446,9697,9749,52
19448,9679,9769,90
19450,9521,9929,408
19452,9719,9733,14
19454,9721,9733,12
19456,9689,9767,78
19458,9719,9739,20
19460,9721,9739,18
19462,9719,9743,24
19464,9721,9743,22
19466,9697,9769,72
19468,9719,9749,30
19470,9721,9749,28
19472,9733,9739,6
19474,9623,9851,228
19476,9733,9743,10
19478,9697,9781,84
19480,9689,9791,102
19482,9739,9743,4
19484,9697,9787,90
19486,9719,9767,48
19488,9739,9749,10
19490,9721,9769,48
19492,9743,9749,6
19494,9677,9817,140
19496,9679,9817,138
19498,9491,10007,516
19500,9733,9767,34
19502,9733,9769,36
19504,9497,10007,510
19506,9739,9767,28
19508,9739,9769,30
19510,9743,9767,24
19512,9743,9769,26
19514,9733,9781,48
19516,9749,9767,18
19518,9749,9769,20
19520,9739,9781,42
19522,9719,9803,84
19524,9743,9781,38
19526,9739,9787,48
19528,9689,9839,150
19530,9749,9781,32
19532,9721,9811,90
19534,9743,9791,48
19536,9767,9769,2
19538,9721,9817,96
19540,9749,9791,42
19542,9739,9803,64
19544,9733,9811,78
19546,9743,9803,60
19548,9767,9781,14
19550,9769,9781,12
19552,9749,9803,54
19554,9767,9787,20
19556,9769,9787,18
19558,9767,9791,24
19560,9769,9791,22
19562,9733,9829,96
19564,9677,9887,210
19566,9749,9817,68
19568,9781,9787,6
19570,9767,9803,36
19572,9781,9791,10
19574,9643,9931,288
19576,9743,9833,90
19578,9787,9791,4
19580,9769,9811,42
19582,9749,9833,84
19584,9781,9803,22
19586,9769,9817,48
19588,9749,9839,90
19590,9787,9803,16
19592,9781,9811,30
19594,9791,9803,12
19596,9767,9829,62
19598,9787,9811,24
19600,9767,9833,66
19602,9791,9811,20
19604,9787,9817,30
19606,9767,9839,72
19608,9791,9817,26
19610,9781,9829,48
19612,9689,9923,234
19614,9803,9811,8
19616,9787,9829,42
19618,9767,9851,84
19620,9803,9817,14
19622,9739,9883,144
19624,9791,9833,42
19626,9787,9839,52
19628,9811,9817,6
19630,9791,9839,48
19632,9803,9829,26
19634,9733,9901,168
19636,9803,9833,30
19638,9787,9851,64
19640,9811,9829,18
19642,9803,9839,36
19644,9811,9833,22
19646,9817,9829,12
19648,9791,9857,66
19650,9817,9833,16
19652,9781,9871,90
19654,9803,9851,48
19656,9817,9839,22
19658,9787,9871,84
19660,9803,9857,54
19662,9829,9833,4
19664,9781,9883,102
19666,9743,9923,180
19668,9829,9839,10
19670,9811,9859,48
19672,9833,9839,6
19674,9817,9857,40
19676,9817,9859,42
19678,9791,9887,96
19680,9829,9851,22
19682,9811,9871,60
19684,9833,9851,18
19686,9829,9857,28
19688,9829,9859,30
19690,9839,9851,12
19692,9833,9859,26
19694,9811,9883,72
19696,9839,9857,18
19698,9839,9859,20
19700,9829,9871,42
19702,9623,10079,456
19704,9833,9871,38
19706,9739,9967,228
19708,9851,9857,6
19710,9851,9859,8
19712,9829,9883,54
19714,9791,9923,132
19716,9857,9859,2
19718,9817,9901,84
19720,9833,9887,54
19722,9851,9871,20
19724,9817,9907,90
19726,9839,9887,48
19728,9857,9871,14
19730,9859,9871,12
19732,9803,9929,126
19734,9851,9883,32
19736,9829,9907,78
19738,9851,9887,36
19740,9857,9883,26
19742,9859,9883,24
19744,9857,9887,30
19746,9859,9887,28
19748,9817,9931,114
19750,9743,10007,264
19752,9851,9901,50
19754,9871,9883,12
19756,9833,9923,90
19758,9871,9887,16
19760,9859,9901,42
19762,9839,9923,84
19764,9857,9907,50
19766,9859,9907,48
19768,9839,9929,90
19770,9883,9887,4
19772,9871,9901,30
19774,9851,9923,72
19776,9803,9973,170
19778,9871,9907,36
19780,9857,9923,66
19782,9859,9923,64
19784,9883,9901,18
19786,9857,9929,72
19788,9887,9901,14
19790,9883,9907,24
19792,9851,9941,90
19794,9887,9907,20
19796,9829,9967,138
19798,9857,9941,84
19800,9871,9929,58
19802,9871,9931,60
19804,9767,10037,270
19806,9883,9923,40
19808,9901,9907,6
19810,9887,9923,36
19812,9883,9929,46
19814,9883,9931,48
19816,9887,9929,42
19818,9887,9931,44
19820,9871,9949,78
19822,9743,10079,336
19824,9901,9923,22
19826,9859,9967,108
19828,9887,9941,54
19830,9907,9923,16
19832,9901,9931,30
19834,9767,10067,300
19836,9907,9929,22
19838,9907,9931,24
19840,9833,10007,174
19842,9901,9941,40
19844,9871,9973,102
19846,9839,10007,168
19848,9907,9941,34
19850,9901,9949,48
19852,9923,9929,6
19854,9923,9931,8
19856,9907,9949,42
19858,9851,10007,156
19860,9929,9931,2
19862,9769,10093,324
19864,9923,9941,18
19866,9859,10007,148
19868,9901,9967,66
19870,9929,9941,12
19872,9931,9941,10
19874,9907,9967,60
19876,9839,10037,198
19878,9929,9949,20
19880,9931,9949,18
19882,9803,10079,276
19884,9817,10067,250
19886,9817,10069,252
19888,9851,10037,186
19890,9941,9949,8
19892,9883,10009,126
19894,9887,10007,120
19896,9929,9967,38
19898,9931,9967,36
19900,9839,10061,222
19902,9929,9973,44
19904,9931,9973,42
19906,9839,10067,228
19908,9941,9967,26
19910,9901,10009,108
19912,9851,10061,210
19914,9941,9973,32
19916,9949,9967,18
19918,9857,10061,204
19920,9883,10037,154
19922,9949,9973,24
19924,9887,10037,150
19926,9887,10039,152
19928,9859,10069,210
19930,9923,10007,84
19932,9923,10009,86
19934,9661,10273,612
19936,9929,10007,78
19938,9931,10007,76
19940,9967,9973,6
19942,9851,10091,240
19944,9907,10037,130
19946,9907,10039,132
19948,9941,10007,66
19950,9941,10009,68
19952,9883,10069,186
19954,9887,10067,180
19956,9949,10007,58
19958,9949,10009,60
19960,9923,10037,114
19962,9923,10039,116
19964,9871,10093,222
19966,9929,10037,108
19968,9931,10037,106
19970,9931,10039,108
19972,9839,10133,294
19974,9967,10007,40
19976,9967,10009,42
19978,9941,10037,96
19980,9973,10007,34
19982,9973,10009,36
19984,9923,10061,138
19986,9949,10037,88
19988,9949,10039,90
19990,9929,10061,132
19992,9931,10061,130
19994,9901,10093,192
19996,9929,10067,138
19998,9931,10067,136
